275109009886
98228208528
18088391518
961798253741
601967541
53772549
918602915622
90714204258
5124427
5949594
899343776
494027
49507166
177772
851764657999
514605
9287156379
943257332578
235190209643
8888888453
89044208241
62650267
3794185238
1440417728
9547385155
23113881349
646801556
3633240
11802017
7492541765
402977
9229150167
4083064
5198421115
3146660119
674600990852
48964012639
671796
921928058802
311722008673
106554849
4530450
314121315754
715338
82956994
317914969
90981158239
454514330270
98284693793
2615031286
5518601432
8424859
5638955358
1533038128
1098708
682774073364
988206
938972613
871703315
855578677
1987430219
6654420667
308215432225
287340322
8072149843
948144489627
86177697898
33829680
4224336857
7498056
8844473030
442954699
269997
2377574126
276468675669
57394555012
144832
87735391794
505099052081
8474107358
86641494
510202059118
1660490475
86445968665
84597358
987880
8307889
940002812
7224395051
498139935124
2946497
5410399600
5072794956
3269734551
291286679299
766900
119817845777
224688749615
131593
6545660
68003852429
891062039
6825876
268096297339
294885
80668883
12794144470
763737
9368318179
5473142
850937
172789009013
587111
69631649
250702220
38542943511
662455
26825233735
612517
68278820487
644592950055
62524232893
4087101279
1952824935
836154755
9438163650
32695074
13168510
4899986
9394548
51195687119
424318518847
95771618821
73590379549
593741690
81912723653
42103128
5294449149
682169255329
268562737544
302234
49150958
839317035182
48606148
833127895289
8972696
117303
2564640428
374182
655851
4959709553
579836633409
832636915857
37530121
178011524
8687227
52060491
5220784613
3635498199
89957287225
8547861
6115020748
7329395085
364902457
6588424642
52369876294
6388947609
659889
8276490210
92586504
7342560852
65706355435
661191111
708696687
987852521
820885518
9739224
4775234
47473189
6781303
75157427271
241794125
128955264
4742336
2801730
44950408089
50564686147
88964730
8573320486
5508435685
9977995
17860714879
444380172382
1723464955
675842007661
3367214
7592547281
307087
894423827
64503960608
2851523
772236772550
7509512195
61809492
51044627
887140
53661481089
1320485
312337545830
48515790
389833044
36141132
681869316
958769867402
34702280895
6460892
33234449091
179306560663
23252336
812542717
556393
832646200
6643568
422610
453802
171945408900
5028479517
5138378
4840904163
5145147628
5916806208
629563871258
770823660755
6192599050
480101763111
8817388
8559332
665614688396
7975306922
67761460
83091178
88476269408
3261664
338946277114
97261319089
494516495
6410281
218630356647
3275258
117181907
447019
6370778
6849792
713163498417
6908338
675628503
7161340849
44157627806
370211
8072984
972174833
359762
681906083
35414039
447338399212
307308
833944759
7573712
6469964409
42453563033
12177762
19661338253
2581870
46827261875
736523586
8559435
940084
839388
68367803576
70535216
95884463
173246
43690312
947058295374
75373248924
82444185742
537859653
76478474712
42665479
10272905
619347
82946026416
634586780742
4604206639
8515713
735048
86614753
905662665
281304738352
542633
195462039
3134494
82913242601
9288864530
228779766475
983372
908874
799297
63085576378
760908189925
570836
85831194319
344686979
327497100
645059009692
131304492656
376129040
96313994281
875556256979
95942551774
5838071275
8318071
6018143
9492117281
76425048
122559
909247
771941680
434646149
3359096
938040731360
60619771
963960281
3794825
552436
5410900737
93938225
38375899
97143087549
676823004492
1843163527
380713974
82090427895
9208024561
544163437
244508339927
484639586100
521416649
978925362
81059663509
8762941893
5523454
134143
878746425053
7310894248
201664954769
4001315781
889404
68730039594
390624668407
735981031
14353610
389029
14273610120
824817340
265092
74348703
41070842726
93387189
727233531
83970647
21761856
28390015
137584427409
7266655785
269399770
96671789592
254440
834836804861
1875213054
456336903
894906157
4434684066
3973795
4925341523
658391146785
9168014
127018
551689
2524940
6089898
20765480651
1793177747
111519093145
99986970
55204015
3305691557
87581594
85027823501
35714449528
52044809
6459228562
720456054
493745
5397361
74950529
33535996
20532934
785435351
3939569032
11778694780
52136389443
6918759
76020002
532012543
924106235
679599500
17054252811
333278
5786452
347728
380930
109532888
6650270945
56042923
6237047485
625319325085
4509070920
8170961
848233
893221267
825667819060
25440174211
6928379341
17304353
73563933
719386528
12096899710
77933378
577759
7887680238
42658250
9520330
567287883
93051588
106436
162709692564
923099
4748249
50257405237
93066940914
9889585876
955859388
279421098064
171424143
69950828
63263554995
544148005
8539261310
6793156507
3525974
91312265582
737969404
762650241
34393114824
648268329143
9832800232
476222
80512639288
4784942732
39621321022
88024800714
179691378903
3162406
64178247
84795188477
523471
4937732
100358282873
4704740613
251424526801
1398552447
8777074579
1551713418
462746270
6556436
9484131015
97641833119
9750131
899744
4270102868
386077
6113629033
1506740040
52768941316
38192209
26621311728
8108619459
9145598
976642687847
35907918415
96438815748
864237007
936617493
44633139
8691541019
4489639142
794542980062
123515
980904
9420889488
476125443
6568119
27355535
4157438871
962676508
454186250699
7756282261
2411967212
6039933
5092610513
5171730884
14046167600
323578089
2950085111
271341
1376997503
6696512
72674559396
83394708293
4981778697
369959924
5508414
985447
1638152558
5422164501
2271495
445955574
44653622070
23831623802
599259
3430009
872583
42279632278
1685251544
979377
61011949
35408084075
57462935069
975675818734
13175026
888864
8546740482
5587019
437577
856091
121446465
125087
539037
97098821690
136900
4073195
873922
536657
721016
243427727
911735
178432854
196302041
10390344537
299602
45771185
191930
504920178
25685354
84434803194
249820302856
710634175
138995
322487451
521719710566
62392248
12351937
820867903387
7120849417
8311900
2166611694
28082695437
41055687830
9385648
62197192
79753753915
40453228
4227431231
389418665
2533573614
993556495816
19224402
946334145407
412963457737
430463186078
75247042353
912606
89961692
389766
560244
753468
849803611
5725188322
1399624
52695099
2559137
4988456147
746750344277
53521051
482801
505387
232154046582
7475178
360148411403
4072419300
545529541553
73552417
1994798350
789808
45167869
415724095805
4597997069
16591441777
509050
434945436958
108297830921
314950801136
559067
4553989254
803560670
389222948
21987255
658039
65779445656
664669
39526393655
371843
3406604019
583232
8911955278
6016346
8999060
36803435
5983698892
154747588
876580388841
5323929762
34072212542
9999326024
781067741571
91298057
82210687757
49669872
2363257984
59010256
813744
438463
754289
6142475
493401
2749587543
16983961
297448
4831855
7158670
291818707
2919855459
124227
40582431
502522004140
623398356
3582281164
585940
981804366
472238
7117865
819609950
51434830
658706386668
624159196424
911864615
134837
5259592
5601136
50332155
307361328
4973221
324664
8457645552
604240036
92461376
9836440220
4972733
460884434580
42326846
549463040
10433718
545362132073
70598710057
617256408147
244474577345
6157152814
524354
397494
489280292
376461391
90437350744
751285415487
82537093197
4835325598
199837665
753727543643
84085102454
313912038
62537622
67982206
708707
319117284
38995307563
615123
6919085
4830565744
36046462
4566790143
948598
417057665
4629753
688892329681
4344022226
20968910
8402291
99588322
71310061
997807131
382686
358258749075
98086374
619864
67910404030
354646343823
860186
2077704594
6183037367
373726919077
8709029699
585164
652115925696
43190731
44706424641
5481715
995997613393
21059268
12426100828
14721884530
219087
93342858
9358138
2505507553
79332666040
165295660023
16178318642
793323
113267724062
76612422
95799211
75286759520
538458
5164617
310296
52302485836
717678686311
431657186
762292972
2491787
81696043520
348068939160
7915713
40921797
284373180689
59847067320
3709640376
12639916141
287358
480507417
334952806
911244874
76710973841
7164158984
3905144023
308592
1526244986
105216
943268728
800030577
100398556521
13016395
222588
51815594388
57162807512
828777380643
45668866
517469786
4514495
89720698927
6238900
617299
823892989550
95472627364
6927223096
843053
4818113178
39461473998
95341619206
78920003
7426477112
37291987858
78095765
998478060365
92686343911
3226984
710827780585
5088829
90389517496
636439
83006694430
515854460394
4750932462
7906906691
69426785115
572647
786746
3035805
88202140
859883029330
249934
74768014636
430451588389
3503595
867866676
5226823
17290386132
521337
6023295
4027421
5242878
91810955
1663528057
337405901384
1327374
388634293554
584582332
610448818836
166606048403
8983543040
433467005931
820190
3482726
23319440491
9486093228
485274352
930239570
5154357115
19258109
9114737
9164003769
831412508462
598864
490117852508
8456402388
109525443254
7104901585
907355161
905508
53775620720
73497588
33712218
3200059
2536665919
23584540857
552038291909
467301552484
415691286439
649207252248
635611217766
32037880
94198620
78957334
679698
3147113714
247937742699
990721084383
771331
547129960
46054884
75125178
938269331242
34377229364
246358
31255220367
8868411
520897
3906902515
682469168
281122477
2612289495
1852236414
935445587
15577572
240900412
71208619
537172584627
919933822951
167795
108487844376
743624228
56181984112
964618154
520269368860
79863502153
172369
114536223336
75396235899
43636855
55395356173
766352434996
618244590555
754664292046
393528292838
825208350545
181737891
701333017618
810508305
33344047041
62142472
89040403909
26738194
727204
7055910506
902451569037
816668792
7555451699
99685278844
669641222
460348817621
149923
4454962401
75582261
985986753411
23258389112
5786075153
4296960
3545631
6698121388
352153792
8183802
7594059
975560636310
6286903337
6022886
826460
9784053682
80407290944
525133141
198615815
4950588
53219752455
2657185
831608985826
84688117
288696
475361
6889475
21258489890
4544819
544326
398740759701
4018498062
7649879840
53450743321
2201765
7497064528
24206428426
57284356
71624220
978504666
742439621772
52865604643
2276997
731407
80307408553
102885
686677366491
74931289
721110066467
9675114
57852279227
592290773481
8131374809
829663803041
2996312
700678
59365814985
16242947320
187187721225
537197352536
9844275
98533384272
892884
2707042799
3804196532
877054995
7231695
7733310
975488
843682
302139
216082670471
75658075407
202397160
7823741811
344015624053
673860139
840178
132396817603
7984256
6936323
766961
2807727910
478295
557056
848224229435
273726
380161132197
3630343
99097770591
3100943373
609964213612
41690766
82896053802
6054175311
504912184
836772
4624532
4307411
660371532
39746653
2382533197
871913
389459
622825559
835745860605
2783465
240281921974
607562
6624087
6667148193
566414764
64055062
154527808
370645
61411049437
435678099
178228966860
421638
88407027858
4068457
433138983470
20919049
896574808
3891198
8585565
704385495764
34700659803
77835883
357267396818
97610814
965732570
48263114517
5294056
798770
579169553079
122985
433661756
7881093
98856505443
79989677890
997633504
8215183
2632444952
9996648650
1760351
53631040
92906613541
6028917476
31854890
264166698704
711133442143
760310
9496911899
5443224873
688520052490
353101226047
7426127636
785055200
942258953
67471460
5845722
442520933103
4705342
3019309424
420210
883095630
7462782
1232655238
5358560
984914333
525789989296
244227
502339
1960847
906439229
75614125882
24465105543
7697260447
8326163
8365895697
489653
292434
5493467019
30344555
3172347
76503469867
722656850
860680301516
59986215
4292013
655115
388720
497614016999
4437396
381015
582214
274477
5510131573
2009162
448167
206723509026
3498808502
621457757420
748675826132
883474459641
59101260
43743027
715599035
33621471
65345514503
850075448976
134719228312
430949020
26255776725
58952856855
89634832561
33373578274
144720
358621416158
139694
4292568
126741
498349921614
824761517
860521
124333184532
1723264
549459
2945976
34307215
302683612314
63608629197
510509656
362270
708482
480061328
439963
6728475
365427413937
4609691
384378593920
52580778573
2860312799
450905046
29925648
965971
693098
15073779238
2987516405
2992982
30615970
398539
1022362
857556294860
2183672177
504773694
106317226
3833331033
27438163359
4152507
2314420
52723721177
443304
16115354995
820177
420189836
45319375201
149793
60276762
29223816532
993971
481355912
742312692
8939455
935367092
929448
38041871
4082692122
3500387632
328213
519636
53234384355
64277697166
486669
321623250
5205479673
62056892
250728
886830
696330
868055271579
97988433926
547134
87307988600
607157806
324772511
484189880
671565874
406864504724
119303237
180250
113961492
7285220
93520409459
4193550
3378331134
566176
273003
55278973
4459524
575708719617
835667505684
2664456842
45211974
944527172907
436776827
161577
88113967137
435943480367
169788990549
79814245554
302876474
8628455
721507338
78381035667
3811713589
61279037
63722306
779094
247065218716
4883567767
764318
99134155655
3737971
189424
368777494
166751
22409708021
234691
303971
936939662
207485
4736891
909364226648
6071080
696043530
26871952
37641753703
287637207405
604439931943
533531
8569362007
5529140983
113547
61675631798
463800
983460
9258283011
474093792
230221957
92464772286
620585
9602567862
1828028
7891817797
92899203767
760137378
786095074
208425832
7855769
45182345
194095130357
75828895
9041190335
871277735453
2857466
98717716
4058127
43410121
675318497
36508027
198074299485
87931385
7951919728
656631066
96995930620
31653066
84186893034
847690435
12510071627
61323922
22836966
7705663363
6529426257
48591428040
483045871327
7477792047
53732972353
5123589
431567730198
941343245
890262
7033433503
760388979797
53382156737
8837688
87325941
38034509
8389522718
23231189012
56001744599
967036169
6357066
10156668697
41584456709
17328067
3229911
4840832
1825351
604062086
65506280660
841899310
547756383143
3043633885
440418106385
407392982
711651491
190694383
769209765850
915883176
74719787290
29588090
64005601
698685
37537931
99603036
7294505
303673
53505288210
55289102
5555520208
6027513
52020427
615269066048
808560528173
59384400
32688487
5536543
4724173
1253471283
873572875
1825009
6300437587
71372069
124395704002
9962986064
819162543697
426612211050
6647819
450206361
7077785
11999789260
5157489805
69430467
625273973494
990395559
596546
222414180649
628314546
4825073
5778602050
641186098083
912648898000
835308
44067452569
976888816222
365105
647324
107340580672
7861556939
338928
33404123980
6963940038
28017349358
9351841
533626
93889257047
627278008119
910882663933
49507856869
777918496
1765649048
67112370
301401075
4476243533
746675590
18447953047
12609574982
33404831
257751318
717942249474
452907349458
8617084016
93036448
236660824
24452147504
77369492504
7273487269
424589250
60642821
84528234
443176
5491683840
244557
565604
3042164
691399
882874
448116850912
9730008
219096814
6102434
174821318
4304848974
624278399
4588901
295949
543502883
184450352
243136
686999014
68341107
55254547008
25781759
46898057
82196405752
82712891
7456395
168943929
333547
496444
17344571
8488424041
260317
58653178
764182
58449138920
20207730
130449946942
844475
166527929170
973688
7224746
8855342077
67662702829
9861434015
355687
6055120
80528732720
184815
2729659387
4238379410
24362538929
287865766857
6276533334
435632776856
9495646278
8483415
993095175
24358520
93859285
57960687
34156948492
5697645205
5611714866
50545284794
4815701588
560027107
630716858
4521670
422125567350
1018425827
60104908740
6526726
6548416489
633647
825081561156
31538394387
505693033112
3119472693
59266150251
999108
69089907578
4567775
489548416
1099335112
950290989465
427513344137
979734
897030503
96527518
348495452
829377736
17585540359
20322385174
1309328677
9792249
64887164
629471256
815561175
696117600
58397072
9128581760
302869
273947823
63177379812
64737273
5057963439
41013746
575593817528
44972588
22164967587
1565669409
3091278
20672795
525251
850523753228
748280103
991087962
188699
6545392524
63770697
592128166752
86681947
40724917659
6085678875
33815237
3452873
805448971822
985628
7530422
5041598
994767785
34203662
4542687770
688075
7227902
57234613413
46575077
636401905
8430785796
1036171
85655400
435913
47966313
490961
4937085
635357
259984715
5701985586
5237474
407519
1075824
56598013890
457361
188915
999691953860
32222107
58808793134
837797
816986923
9930032450
42028346
85133614
3951002603
84926029
97711272979
1576814776
681744
349754384370
23694952316
816107162
78634496
827662439826
275183347
749214710979
8156621972
68510104
889339
718840087
745629754
726532361489
912090
93784325763
6288719
635054
550239369
72871349
28448068413
273616
5771283
51232976591
335123
1219799
35268248928
419385545
277658
877676849
896373836292
3428260571
3148668070
709420516009
5191621
828436198581
39464546
8216626
297553531185
434733310
9421879
217240
9784893
348535
428684
769391
94805903515
627706
2536032143
274397290
4949566
12927428
258089772
311656663
71820841
19175948826
369654673
2373013
63695011649
170905
9514109070
390767699902
860201
794707556
1694345
3715378698
952049687
519992
667120581996
3380894
135827
663502745
31853518842
7298641271
861674
7370393704
980354891
179066745728
6990156
432513
90849545555
679999
3118429
222267796
828250
4638765139
85038849570
382297430
163497763483
490833736002
299119455613
5624411
973917515
310423
7132625
946158359
101461422036
3264916
526337781069
271836
598606
414287578
9404095
47750277
15197872
993673
83161281724
63634577580
121317867638
311814719
336369825990
3279017
9363111
41367381386
26934353
1383210
8879702
78899896443
484294185935
808430851
9901680326
76465223405
116961
54287784
35524950262
778017304
767961783
59374090342
186722
229310
743106
18731352
125083913896
968686183051
148706939375
657878872360
582130243
6730405
30564404377
10457228
507583397
135705503496
544295
4478396
1485285
942352283821
92781720838
8056251171
888048891
724888
1291792
791118279861
435101332
546876
754625244659
823377943
3203482363
948949
689043
707927
18294441680
46297933
653547839884
126763816
876860
5734631217
6974275142
570668574
721739412776
9521117
975158514572
2018761423
429904458
58195709
495561
679898
98316202
792567292034
6776128
918383
326522769
3401767583
80301038
798607
37362681
3834339
159012030929
832555137
150194699489
41247033
73735009868
46748026
133401568
533291863796
972247
4843082696
7013931931
938292378
228008677771
421120
637100602
357633
4813528386
785845
25488593750
7453792
2637379520
814188462
165553180511
267924737287
9753342
628162857211
117777225093
8720708909
417283740
32698854148
20433125579
92024536
46219033
8789849816
75617007757
113180
6982236
35786566
8289454
7945543931
749710
736054984261
1175728
330193570
809208
66562537
178542763561
332425931
67509590526
54027102553
22426713
68832972162
518919466
348085901
2508231834
1762065903
712270
294578190930
86621349751
691022495954
708557
38005645
217970509
395805217013
1923623
545642391
642812
20296020248
2467718
40319681
678495872656
31721763784
757840928
141840873
307975909056
81858226
2140733
779834345
572535736011
132879429832
22462656
780199
377561609
665205627262
270155584
47118231409
66852911040
9414145254
4097022
1361371748
5799993971
8251918
64376243531
563571526
85247309
4039194
61905551
2277727609
4970555
6312213
259736893376
553114485
807587
4034857476
37139379
77564417
88594224
8565719
346219079
19754873
101805774
768014295275
5845673032
184641
432141009
68181165003
26232189
827253
758356605817
312550
24946158808
887222
7945235570
98215636
4564906
35578876288
10971505452
196691202790
67055216571
1215559
70519062
804328637913
2799604
5487732192
9535646723
69870724424
2452575796
56109462952
4796162297
6400717
56240472
90090637
8466580897
6849926
2607956361
98588262
188175
750951
581282524
289052109
2814564314
689082040
767815
4873562494
1867958031
7853276318
7386739
345957047
42142656
8193551130
519026004
159586
69877910
910437267018
348391
882602748983
353787857374
5814253805
592022026
587401666
938943359456
270235
133034
6129182
35267091
18207445
822065552
243211
924505316
546936930395
900736548883
9444897
4843763177
44977530
63532612159
20002453439
8621858885
413722319064
757134171
878426
8450460
1787437
793853747616
809031525
264486638994
26583270
52702934316
908850642541
881311
6300580889
67997266793
6344350601
8161841
815661
8499615379
9835834
145139233128
1280226146
5625420
4447250599
246362
97159987
61753989869
7524825
644725980306
22025232
715726440456
9623781274
3642486529
260520705
102315622716
5492917
445169
250736069706
60020445113
56875880976
18222218363
19698385
42072800377
5503224
24085290653
244818196743
720693
555033589
432514832
3270924455
3581302
45826477660
584709157
844327073
484661
76297883
475028738
99743035
9112606267
90868853377
2956981210
58856622
3394980799
11699883792
324441
137801690
9497997325
6763927
32857310
42306469
61930728
95371769
443128588428
2378317471
30369733902
813444011
28033028632
9656131797
956002
253382954641
829282695
7113680
31791223
244406037
76407730
832596133053
941062
5539613780
360416986
101857735
296507
87768770
314211666319
835807788559
7790569247
2070253
687468
9073404243
652773
347664102548
4309511914
444755735980
40815493189
5160488258
215421672
17589474531
7421767
387285248
10732666358
6723848
24496944147
56800133663
375174558401
151354671807
810349
128206740
5384178230
596859
811397886912
89243747538
37739529127
268476675
120215898
82450732
30722159
32058466
478115767
320280
20720405
2011011
973802748
3219744034
906821634967
621736233
13179489
7057349096
180226105211
31816064782
3071710
111857
266021838996
691071
45583807
4157603
2534877708
3690589967
71409458
94396545069
8671335
30023255853
74861430
9783354058
274302
206525606465
2034310870
50052759700
86331921
97959012
97131440
2236993
417426714669
60455110937
137842
96855587612
66819828153
214336715668
8996695
5562809875
4439255
31931130
52720510
6370889090
536430
7165859
18915928393
7318370
365978141547
1023068773
12460185146
67394923
109342
57856868180
605376217
293810
9400367
59856305476
262797
98448146
3755700
5063851119
188298065966
48152589469
5022629952
444053779954
36108611972
89197126
51900793
95982617
621139
7388094441
4456426944
7808627
887823
580709763
76362925
860971
41069275865
896670432065
921314574438
6099078
971671
37495877629
603117451455
391924152
67890360
3643714
483988
6210503
1973548
57032999
897353897
9580181
8526709826
84379446
687705461
73910620180
425396457808
15540579
77083840
779491843150
9043761652
75950728467
1987323310
996221
5953328
776325
6572773642
423905
83396766
4726925
99167948
434618780
19090844
680472409434
333776335662
728342
540600
684575643
19579248
1007083423
732594702761
48512622
29218648433
529391749
8986121691
24382102
576450
138763830
126989
540520
807383558
243660600587
71003310
2035281095
20870098
12461049
809749495
589837444343
5545692288
7036195
96824715
184536600
93215547
687435630
467982541
96481858
632534
86586002337
91771331
7448379
8603356567
79048473
464859591
203339900251
9467195231
3049021782
62519202289
78381978
245298517241
65601482
5394320413
7917002260
17728457
8552256363
7420368
9511256722
8192212
98927591
3394150
679670278287
615861182
96441835755
52395024
59632741477
124812634
54377711348
767450
796462401
668624618
448138
479313876058
94483358828
5578548255
901732
6347953186
9086086
4048121899
741413120525
817616682063
128595175
5455336404
645061977
971853408110
712434133
507386122
2183262188
607242388
9038554049
346209392
658018692
69175681
407172070
828215
342569627
134282207
1933087
4050970418
244983540
814291
818086660478
6727348
7798045359
34929456062
45953873300
906936982200
438074523
490893
1240071
78686386894
915119379
7359292544
99087454878
4651299
622815861
82086442
98706652812
6892010095
59128377
964773267
2312371
46330080533
6138050283
548332
503620052
9216036016
3337352
7321837
805439850
556509915641
3057267557
75915654
52601018980
4280796
34196319091
12363728471
5598448452
820952586093
2888297
479606667175
929958381401
18314567852
904094298
5042097736
45399852439
641814380
978011
128275419278
30718750151
2053382
93251271894
901863484353
2243610366
867927805207
64715507047
788123306059
464449295054
218659
933760687
699744264
5878978655
76684038
275531589691
913583
419357833087
625706527671
895169554513
842755112
9695203
32953239713
14428922386
89915705
165287747648
2273239181
8500321719
60873986121
505196
703937222779
712556733
857833
52674313
688282491
25201341450
67843378805
764162
827259
72971417
532739
2045471
148647481
8412793728
96623404099
55699260
47021318355
12905320606
8488395
409363412
26532061
574549708998
193040
6159809
167215000
51962914
4192740846
4786440
614721605735
42933276862
2073972557
13918341
7773126952
574549696
42532503959
726480681
5384250
56653678623
459366722
198054
693223065
89640660103
712901467984
43923316799
8484196
77314974
33366609
92047979756
9608281078
244314
3015439
1064271
766630
566691
87890113
94559583
82311979181
6852662222
5009387
8539531
5621447
244300756084
18642294
808459911333
27335904007
9148822344
860223326
1972981429
4754048
59015521453
43471670640
2251233
4113077
1274243
52082146
4097983573
91720276
275279870252
642573965859
72730738
789610
757026595009
575073893348
759432905043
962034
218407
57148054552
494995
1699979450
76952898913
9483637
7603231
132959185
508222421964
6269087583
256156840
6239070223
11140548
8860471492
95529327
147835826892
378317212103
6686060598
8239126
660056419644
307194772
1887262395
3185193335
8659483
4839751
8710136
9376816150
236730222
4202693046
4811354797
501940838
6150291
471332288
499698
999998510
2116376
62291800196
5051544686
167080908
1219988
39258023554
669931483
423385163705
77469545285
80833435957
278085739
7027320
22365117420
48643120
46807392272
989105153791
96683358273
8688963
28944335923
590160659
734111
8557420409
65158161683
523082002598
71445357
622223955647
8075160
6625028938
8216195
79534312
57487256
155045627
744577
932696796
8650725905
42121011
998365772868
6900629
796439273149
19094214
743718922443
6897842736
89498388
3823126
91385715
386562618818
10311626118
157961262948
151055818520
848185
84359304313
6901248
194031521
612049203
590088602
366304338968
86087359393
60009338
877104
275719950
434190
3080824023
954138409
871602
98862718
6588485
5269537
282685532103
20836976245
4418888044
3955399
235667264
689200
82746008867
614478921
505071699
17161132
48675619030
559670059
8847264154
8092243
48985764025
2211904
864635583106
730617879270
35656771
2415209200
780131215362
8296027
982874
187751553768
7990219485
959509
1009775450
399256936568
67594042929
3422606340
90412588
41095295721
70699020312
88765218744
6344604
57308701
132007
566522665917
31928137350
294332588940
100139014
921994
999282224110
69488166009
970182766
99847117
432541024368
96903371436
2451661219
641930222257
3107763173
807560273
685654004439
451176
8990558
91045719467
247953279
604929858271
5757490
70407420821
824414
997166
79355654513
57440939
63977006671
519131880
653275
500070843
50739510763
480353886692
3054479
381183156869
4906406
43190990
456425807894
2040815926
797552404887
34686025
389407
26721561507
12562315
23121942
51952156370
56782237
521279352498
2891602
572739803943
30705625
731484394
667870092
13175537349
7546404522
23253847442
3277570869
139824
3777513
5777081153
761238844
32534869
868189092
966643
119488680662
115114
60650377304
80795186
230984659044
938267352397
406849
407869601916
150781
928761418
15047389588
1539466
9771490010
91853201
838973369310
580575
12212487
708924
975397632807
31002081
8880218476
6712324
351428775
46569875
58481390
220632953878
8041102641
913070
68906133
1519957
220128162
350057
391803901
368158119518
8257708
374295133
6689578584
8224593958
9485704059
6880810981
68632384842
91059002450
5508927
312804
68929240
18093318821
7032458
8531589268
6185079242
7160184
197098
89061823
364226841775
277896356468
27751791361
97691847
1055106091
292599864
2292803500
5602829867
8659681460
7814796265
923040185
74839035
7911642003
52755100
20348047141
71083956814
9309538
14010937740
763476
3921106377
2721203
85778311981
24257140877
882274937
5519906938
87796862
106525389534
172688
6977174294
2365445787
910454730
84760971319
70853494
866582980273
5023798025
186189
154280930
257656598
437925902
418848872
988698838
5251299
3459267
8729526
74474169308
146458936
7704755
512622
365014
71253975
70557714
96204215815
22662843
742675320946
66684277
4357454765
863086093
853458977
90702489782
2607054
42177982294
243923406
4101514479
54525446853
26702139
22211270
6693668382
360505308639
909681355834
712393739
698415103
173797832
499326990818
31505270
6322966534
1511632703
98826847
601865347
5676140
45361803
3900122
247546569
913534
11594917926
6344498962
90325774227
84047474
586397
490727635
22675461883
550090
6911302
562780866
735630
4884492
198457
72127005
8640743289
5483254257
47418226669
6885909
5275394
595419
67497321114
972861
136531219840
542532
62646294715
7515300592
473944200
402773232833
83979027
481909557
688967520
3724542926
6328394
786031
968800
164962
696886095170
35904265
110534298913
39653321
313121931
3276412
447920082
68247400
296635026
7235246
96332561562
94961624740
20813620328
3199942
412120
7229883
6446710
825407435
84022741446
11649475
19472479996
3824614
434459549004
779543
35771391
378413
5318347
245299
21951578
493332851400
69624859
632331144979
58679815644
51273710
339531
3932661
5202599
305807608
68213824344
436421781
76828413897
746250015
133045557
67331314
8337234665
296007748
426932
818023970
20659435345
1802270546
24607010
174762
58925085035
809930704266
372052275729
4388648
980612
751874726474
769954632598
68571154111
612922671
36135305
824630035729
65795532
431510
5395433429
478328378
254322886
9778446
19069439157
2845644
953321693
2848889491
453996145562
6748748274
6075741530
8225174
535478961
69135400012
363231619288
190984163
163385182
88655791536
5448451
97313721
27735049626
8774424473
485388465
77974092
927466829
43058824214
259532
212239
701199529802
9395605
787345
82433421
671651995656
207384
1806175
48731443
227959306
43040796
25391581494
408116077
729346284
70440047
552730075753
869403147388
234665
196646326
42153141294
160313059
30821457277
256225428866
5450583
11601241
268978
88174356
474028084
24027142
13369677
87748589212
981200
5691449143
2820512
244784
868973704
2632078
59799152065
775869257984
66586094
782795168
73806603
47226432
19810662591
849985
52320547
25377608599
4361199600
7766337449
86102119
2022919338
359885181
84703326
32668557
8117953
3728128020
971392
26856034954
7930734233
64855343
6776568809
9182134
84368673773
926633366
40174320054
675562
6819708728
355353135
642621968
423216
786276421
796351508747
141189122159
746127
7954157342
37923470008
7170984610
4116744
8870369919
126086994
36906208055
99542360
5882071516
794663420809
28473173269
9687154543
9293554
910211
5629077214
805385903
5309067389
24546733
324372558
60392908446
853030003991
82807476
137629891
908465
426588
927073745551
665667516
727323196
759882658
7869442
969110746966
775572
516790706867
7704800
17756184
27275381196
90153239
17640377
51085145
798023671
359269583244
7415392972
544618
63090616
517304979
502136
9239252506
1298069321
1315146
560598277
1611627610
4642365
235728788
992850
83787681
561456146662
79851235981
4281357684
73846854777
599339
232503504559
796655
7843967520
34917276
26044220
21182150865
330459153002
3992623
913129033
3447173
689446608
7561664492
20512360
785318660
9116707
288534966713
6525768
52320532
878457764924
41429986
307126640955
54546751
43193955
479753
703496
950474260220
253682024415
60445485371
530347
77027853
258532
5955948840
342860
1344653224
1855246
46771732
971540853
171642091
96486102085
2449037203
919557547702
468929176
6795998601
609197
970170882060
8638661338
80939833193
67540760
510467108449
922403
79130377346
492607552
621074
8787523696
43181766
6394568066
770700
700962477
4825822063
60833863
5407800
2680290709
66950774462
49627471294
9776995884
113184076
1191873416
834063344
3923307
12596772701
435769528
487028
42472500162
5679665
1307616711
132944453370
3140183531
34402864387
41184517
568623010269
2044969209
1012460
226016646029
346058799
294604201
85930310
8214349
4278334122
76185017138
260228
7976133
4088406
3825432513
416194
581137819355
8475819
648411
459211
854428016485
3890470636
226472
7538068
63599750752
6151766
42027496391
699020613
654386509
666841968
7804754835
72482857060
705787
642955
5351844
1474228812
880578320
8245405140
6530421317
594221708309
79992778
5692713470
480081626
89986520942
896754985
2927614
260722
170279882
9512895
171929
5850616
15530515
699389786210
484819
6841759
61517390
807339021158
276973131
37216674
36320858
8967581
357339518
8050647
5464759
432297129
6345343334
7878980
847758058029
9452883
4811028
2099387
275633
879208928992
46134795038
8096058
81663451
83024350
86595414
97108811
1834014015
84422676
57540201
478332
5852826
906682738286
5975892
82550310721
7489292530
550315
65936583
18301075
253465
831589
48033740
618558
511110563
1276144605
9539469306
316382373
9742398
8345324687
6541928724
44482774
8176982476
40140065
5768582256
5525407035
804705119
44983634
2948334563
79324108837
1536746
934383517
72550670564
601635143591
91313721260
895869
2575333
157987949216
841792
844708382
572917135406
4080093
772910479987
989230
1711374
601411774087
1882692
607344
5081034
3497708
600507286976
909323
17811274
784759856
24977429
29724545
6740601420
282346
61613153
79490323482
53454956
224996366
8430825
810759
39485614
1817428338
57671005
873615
8849076
6703881697
386436
236501989
610761088
3059738
527685900
682501173523
29377628012
9307076
59126906946
15958787591
2946067
6209535858
706988783
433897110
4943101
70374387183
9047781843
7243819
8020250728
8160190366
7249443006
19261558
3883004898
8506286152
131900256
7849525
509053126
759498682
53323583
41882444
916356
1578373922
21392592397
74945513612
206068
3316350797
6086806
4509820
22879600116
7657484
667527612
1491494246
21499060134
3740907
226683511575
504429
7128537
957586
670396227189
116507224596
99784350438
54645698972
312611216669
17992626647
849692641442
198799380
24517108
5234476638
62144052966
403779633785
36340560
50892354
928779196199
830353
195064168
232160678
3887696
96895815969
1266522
76143020615
4755210
69744237
447866362
1485507
254836848483
7557095
51767938
69293826953
8010732
7160852284
770288734676
95506809902
950212884436
46982334
168103135893
301858710
851843
9193388
549243661
67834535
38123697
363458862
500190290092
849808497921
4527132
9621566570
1484363972
945232
3526401339
1677917604
6135852235
483189
690212035
49042881094
10072151
7521348
942993468
913546576265
230885
4085419091
1815571
9786383
419342
252961369
23051402967
994642671464
620717165191
79293280126
40871147770
3870854
4506557348
91137291
435015234576
94148485660
179761329188
3564243470
21714409326
710485562209
647461472
594053766263
27943253610
5704115
42156037614
3803368
6888610085
192208705
96108721
6555970
181483051182
4647369364
53436033631
659914289164
3850710848
46544710
588537
97319115
46312158
73541659771
765598255308
8089938
8572125
139123487
416708
3617555
431784
6507936410
586018732044
580267212933
7139223
78740191
977588
30514479
863196
2992856208
6137355000
45559169
17771815776
6224462058
23215469
236829264
30204574
844384948159
1089270
14659602
1927102
317086760331
548576072
218999
78409210
4258831
57004572950
125868096789
6086126
34648377923
93230051
20210613
8816252823
959945368
751720580525
75831987
5594476720
976398946
46379560812
542370
5597175689
31849283060
648783870508
38716539
7162553080
230945358
54732018
42017328351
98744048
96707554
20755817937
591750666
6428815
6408018391
9148284827
6887531
34868582152
636732075
15757086
7123688556
5289737
327408381
6452515
382754
42592728631
727651760457
48174037
80619073
64522162735
618985686
134286
92825761029
88814875
98036568105
618614
103111553
517635902
441088255214
2773004566
1167227977
2505582401
80003341
54819978117
64771350698
26111386
1746808258
71138220
801752991343
449175212
628155
974602
2196143133
370275
45228567
21415593
455119257
564230650606
584294330417
4890946659
7027050474
25737238540
34849226525
26559523
638265886512
336518368415
901210026248
65432898992
6406687
62761798002
81067544
31220561
9327368
5687920186
9052525
29108405
739889699
304052994
547086
919858447172
670681520741
9654014918
444257382863
83139857246
511324497764
64649829
348322271
523573012616
14220124116
11977314
201816748
48117300
94312917152
9357185
63540865706
1360149717
51130512646
530470169
848152
760084989
8743984
655291
342760756
82634171172
5781260
47665526848
9816543
1767195
343672210
97411350572
807176941
430813
945552
287719
822403210648
1889717
292331148366
470747
915526769370
938665196
635008
21168612007
7448934340
57467154
29760851
48146520
50029581
6667949
126264
604719199
4648842758
56251348601
585190078
580974016458
208108503810
232498
372475478
905344290282
85516651227
8766527
225020957426
7370306675
88086091974
47068988
1891379
305346257
5921927835
492816
768120297875
799609079416
24570354761
1856169351
59529743947
156687728
992265716
258148140563
856457
536389
6294860478
294165
46696742
327024453958
7726032045
19297525
4950990827
15243276375
26979112914
92954513
477596
8919075
5516006665
95844513840
197965
2664047
45321688
5315704800
2574218
2880210940
4245282
3888730189
9293492
250908502742
552897105622
133677844
17639226
69562405835
4051608
228648
680533539
46255253
9919639
4224678909
643657
93703621915
8564421
686367
787411
75649992
596296732239
530872114341
92037977112
588884527724
5736104
90609620052
7171707790
699365892860
940464697085
163706
42815346207
130355
2654538
834957577
278674
55784168846
300273444152
734656021
667466377
62048967217
430835510
729362307
7937108003
841432606
9600769990
901016
7243435382
17804496
4575387140
931375147180
32780853
340935933
995669
32196672
5849889
271293002241
8884054100
7824170770
99571543678
9974796926
358646487057
84037969823
2212379064
3227471166
1378398
791953467
44057371
6356386247
941868412026
40368203629
11221614
678707503784
8284549
21276110
532700991
596048
550837162
7224680
841868611
43285190
1436787951
4023566574
43926896458
31999631635
126389941305
4538556
550840656278
62865896
1298603302
71947036
7964420
7081996
3415697066
369894073
6289980
4251310453
945855
455521
700828665472
7751422604
679104
231450105458
68524620
8754079
847936851
399847277879
79985678159
2660078470
215336
9042348796
19332650
52841106
39880635
11484100487
771479
5876121010
480633208
33036272470
64638581064
95702637
549683618516
78858606168
598785
860363
423247202
17656983860
540600808303
10594365
282300664
2220364
81422214074
933284
709051622
56972523
8145035050
189353086695
1273046
567333140979
590026073646
46731258
497066
247091780049
98372268
397561664
12179975087
371754475
987907
64871263
817969687771
379461
797931308
77587454436
93646985702
9867056
795035860
854040496245
308751578803
7199456
898752
96148674590
97991536211
459866
587561076
17400955
145028433654
294238
492703
60175930
25901682175
300082674280
30994729
959854
919732
82663364
6704709
290790329
28097503323
46684975240
8187169153
311485992370
9055244
37901490178
67022670
621405411850
7598819337
6777102756
704111115334
32683931
34578041500
881917
272260118
885425910118
6256604
416934
489350088
372987857984
45815278
15164547
923711
827967803717
3203829
5436069
63895514
2247497
37487939146
950854514482
610276428473
84028331252
661545661902
41260256321
66234435767
190834713
21495356
756351862889
564966
35374723535
79484198
9107870327
9801226
92345117908
892450
13078754
21857773
354411868772
199421310
512839897202
7095191961
297250269
2055731
992432746
493372548
27509996006
8342019655
636138532674
1388634270
633735256
5821387
55154033589
62323732810
8472278
6209508692
3765029
431957
371852
42442698144
794109173
2216835
1963309292
534425229024
22906434
137206
5475424521
3038607
237534
94622294394
18761627145
39667025
855239364
604503
1333987
3599425081
629264877885
2074462654
714037400
659447
39627516
637103133
47428858154
470456504
1626394893
7695135869
313637292697
4054183
678140
13835575
6216918
326233212085
46650709793
51467234
336355745319
11518449
5024411
198605759870
3729795
92171599
817357935
5599205
136491646
69408165
756877103
92438255731
5759653
76675457901
8750323
7639305652
903859573350
13057069
50329214927
2244254195
2682961
65434498
271547917348
41985164269
66259934
57884478
373987337869
660884
7616071
370710364
9432979
4926508
705393
1949859
998697677193
88084139576
98075713
523680610
6570743
280261
65218182213
9674907021
6352186815
22652155
4324742808
680984
344996469
5684366421
1831070248
9531422157
66280928
4428866
79600065
9547789489
4024100315
948814409851
357524
730670
9234609853
6815877
82329412
11401356780
14992132
266763732
304748298179
2317794508
51923715
6272192
8679358362
48551544464
3039323563
97553952
5849914843
55826413284
67583002908
198283423
947006566555
35036619
2658713635
91267998793
444152898688
15898355248
655747591
63038080
846871
77866508773
5910725
66846377
59143435
32112519
4128952
333411221
55329633
725101
189409
1262985251
21416179640
22342768
709072324036
1316762
48923446342
334893
837733
58889007331
960773275091
290567209
18345059
5290893
63933605
3729621
65180137
48556373144
7605375
705786
51550060060
30902144
5571901410
116219236
83467301209
889655
2591081
1479189
94499886718
260786065599
8787095
925989449805
5983624203
5615646
378439
9554789
383811
6245599015
3150505
65433237
709108608
643254115
7393448557
86416566
834233126954
163877166
75524569917
7508727
87119272
762367939924
38296483
806768002
515783
8630504537
2189416358
774203834
977211691
23373584
777694
751067393121
448788583
6645282
88788895
38813976
972866
274630
5199099
95412290
74383651250
9285513
7919656015
18204027242
864443
711655
709230876
812270533
5190134911
926856180595
5701673502
14104419044
2545019
242106621732
485078947
46267921
39837735
18430719
391232399706
123285
1294540905
60561047551
74580165745
7172725634
29338564
43114381923
575785381
2377632
9221929
575484445
9718125
9692668
12484232094
776945949
238886487
9559446794
3019231730
9091979157
966637398693
3838583
1167413388
823195767
27787583059
502113824458
9525677063
467800
23650166
5042173261
287013341
5650423
7766344269
229498734132
1927114608
9524010
8828868
940635
25637876
31848924495
26942990836
96586516700
890865
4883026395
90427933
55402116
8863307616
2524293
695595441
883735020361
16817042
683707424835
1970274
9908333496
299336
6111916
28476056
8796904
990348240110
3354677220
320569839209
1681446441
33509473994
5122752
897823209
372924
9843132
701094909
21898284485
6470009971
60357168684
542957
15449145
26139241027
461372263562
998971680
709502117287
54201494
536851656
780532002366
89650017
386006
89213856
71032206838
874375596260
70279324
68279235599
96258753
36136747430
54509191904
2138096696
7422282969
9033764
655503
2878294
35284664
683225
17660742
44967077704
747344150
50435186696
69933876685
9517445
80905129026
56571663
7007992
8840796034
2608862283
632368
54598928
397932894764
75535786
2512604
69254267440
230338
8559999
221166
80527789
80062692451
9053926892
609846560219
4881905
61191992902
452961603
538734183062
415366
900415221368
892753321724
286146
53540480
61957034
7044063
96588133
10492601077
47943479257
34537891836
2954368634
32172416885
698849967037
30780187
809510089
9806370
1423304375
376839
8597041
63436122588
952026308
875717819
3741172
47822118794
3294598
2385134265
4905502540
437114831640
496247956
7031633896
743324
4985802664
7862351
895353782713
53957596
44837817
859906
27799705
88150052
3349048455
43140691812
83573342
799070651941
7538686
6612345
43759503
319571
4534859605
241154643622
37899349273
28289630167
5042458
63350458035
3371660036
9323095507
4933712
31480701485
698138654
9258185011
45047305
96517552
103595889625
7663447
619141
581601423
8866155727
856056498
850545849221
3255374951
68526250171
614483986681
35773053142
14986392228
63621598891
17736329
7122031
6309232
60010620118
440251
157320038
84141482
7850448
526019
47297141929
839897814
580719
8563712
56859230
718467736252
4891009467
5380937
7486112916
95147932082
626098974
54749709647
219876233
462998
213981465
482103123
2123376
603687
71837736055
7968991
771747
947902722252
9801643
720436
954727847
6589915
252636135
90239546079
7743070
59250165227
4225740
9266552538
61800469412
44383284
66400620
791185501
614328
82058325
962331685
7693595926
3619116187
97137868
13358902
52125540
191489
43349679
278782579
7734293
1352430165
30458654
7578025
3730110710
9407633
237679
9758280
8935589
228396746
81426729794
24864188688
512935478438
230047
5734476
989363
30306013603
2132959
434625
753230684
787315921100
82508058736
7818424
852396
7250941
880794082398
1096060817
56180275098
343847625253
3681523284
5673751183
77117619864
139962
471042995598
595328244677
57987797
92460517
431501535
419204588064
654368
81339475270
385426
11602238
3860250
38827483559
95716526
496950
228850844647
846950976073
7542077
5112604
3703149
374109973
1780940
855677
78300888491
5799363
9353040260
44906206
4242754920
20163984
6540410276
733841783053
925263
163245
850290
801085338843
34833372005
3253170983
88135551478
7825892
781611
5703470357
336776674
7407869883
409137
417001666381
113111026729
473305456
980260359993
7881127226
265209809
708666
516924391480
73109453
911680923002
56619825
1866078708
829663959019
366910204727
59681961339
7909254796
684998138829
302357276090
93147340
503120
61915175
4234339036
4747531094
5002981
8556093952
546905697532
351907708
9580764702
677104781754
7418078936
962190655231
791667
54248908
456390
50189116
13270418
87319404
228914
72088610
3086298921
255591777
8520616
80660131040
9584204011
211446500
7201564
51899833356
64814075
2951891512
42605118
495914350
599931
67948769041
8573784
782047914
905250
46065999466
865743
849231
3791111456
44036990
4917112
683586
69340648852
1845322988
61959988951
1886432
84068853
739322057
3434223454
4317402
185190580626
351885041107
36997776
430936152029
24794776
491275
77867727408
718620
909720920
3374041894
378607138424
64630993320
98664521662
5063320
499178808
5418936131
3369096
51385220
6043373
488367620774
193430523
50091585793
3880538522
520253502885
745877383140
315102635
9628563
591226781491
4041090376
5396060626
989539329746
5521610
825102431841
1475833671
929852
598945
909560064251
983902
9267059
31084796
89872567622
61586029
539451481
84378710
46249379685
3679939
6387811
7962192
738311915443
7906304309
850519
504918794
23734240
55428780
8498502
53373884
87657924817
785561994
87613612063
511190
388073
222087027
450209
7113327
78370539822
698814042
9014375446
3405597
9561593058
94087725280
8988938
99083587484
686560949
97343976
9671685
3376310
892271089064
7436546630
5818178
787680355274
9437460
546260
75228303
84256313608
279809909
9589889
83084932892
45246555
3092551
1799329
15186859124
5137996571
239958099
804045
134985615
85105912
284123
799480821927
308652794
17448429
207404
6767909
37065261
8290485
196678403
250943
18202574828
46807604
71279099
919182231199
900531731
9826784
8886215
9040838321
782231945329
55285590424
903124
216818765132
39318955
721198628
952528367523
745602
52956972
243898250
59861251
2063927
653619003459
16691821799
9264902956
286559045
909544
50716877
337075754907
71241207333
23849698
80915775
530745
7602879708
40139830
692433033084
86161876
90260689400
212268
4614078087
83170150
1874202342
695175
668110984
336540946334
850681177313
80302753
41976890
408310
4445338
304596
565891665238
4221629
68011811
1621787
3515308185
417060
52583858
61704679407
14774222
113245395322
6127827509
6676321094
335981325678
434992467301
29056820
708697425
7121277108
70262180707
762731637
8455779
1091152583
556007972
110051932
254245
184998108
86384428
2287827635
661062846
173561
73981262
263217219
820741629121
66894440
481429792
361251650069
38627376915
679854357636
240356
6529260
8241002
287854
6618013659
70520898
776694
907856
8483825
39032854
299764466
942429296806
12404361623
136094135340
540318043
30267464
57531455975
4072939
617505
54285934200
53225890
9720971070
905232756997
784271289
321686726718
1306699
126389960
594751462
274615
5486908
359237315
539444508
8669212
477811
391845276411
80542565
2338044467
45985638
14158444
1172666
2002073216
815256514183
268910971
8554306329
490479282
4217766288
17756729
74076384
266378638
553293
767789
709875
5555672
3548988
27357033127
53360517119
8570202542
45460978594
651855342419
7256958723
111159
7533622757
734420
265707
59862048446
7341984033
33745335
290980276532
68860052265
7528130
7117027
6268585209
6907037
6288222
6553427585
128920990567
296701664
891551
10841038540
811642
503792992
10393371291
88136342260
7163916
931248462
37996496855
945110683
7494411
6321024943
8297982457
7153731386
156122172567
724902369
5237307
379146434740
6509402797
92477022
62533365767
66116519688
4187016386
7445064
6555100
517411
42811169
9588662676
2180251984
6566798950
96916442131
87939250
68452536
31919128
128106285351
35575435
712818291053
732461435805
80761448051
36229601
591175219
7388536167
6436515421
8463675
7105085
9571064452
9695233027
7891796
81128524
65232659
195818197144
7007718343
74860113
642273287649
355904382566
7031833
9435807909
120425972264
395889
50376944
6799889
2749478
6898228062
17666046435
97961548629
756098
938515870
263264
437250986811
88874815220
4091760
983140
59519309759
18407756
89174154446
7683298825
311611531026
860000
2754623443
558613649193
585395
608676477
3344989453
8254102281
7176945616
522412118619
463722
55188482577
3824385959
394478
5926793747
8939569220
42483956
49303980
12454736933
2480990729
3611297183
41372030639
1857397
493729210
134746451
28391711
167866
14864003
169402
6210715927
6028504
53613230
6641997
69373877
57328425
134066408693
79409683
2389584522
132964317
7910674
2349562
84561466
83852190
4690839
9986420
5134833611
450744009229
6245095105
7039021
297260767186
158996642651
271331652
627640270463
558417113
202444071
841495907
370046667660
39699423490
722937
5805698699
909322824244
56587381
9813139475
92615338
875312534
59366126274
21661333
142938
560900556
731850495946
987934441302
1535511
878384620
128498507
3981392
5407161638
447392
8366079335
763935977859
688973
570977
503688430191
345925163
3384226
467701488
88325202
34492773
5113119
195118890472
114924643908
530645788084
5606816366
953163248
75223047
2304766
165421770
69308517866
71265381
3581850307
183972703344
646689
655495627597
992294896
143885
2659333317
641737113
115696998740
604990081
32012585
6128050968
540032027
846632516
256106
4269338
987625
312982029494
592573329192
2420639
62875018909
4763147
15763949
490907967
5751510
4720560249
80531440790
816210
80910043
261578040266
307018
91643949735
59385878900
551519267413
271491
276341509
304511862
766109
193295626
4019294339
32559622
93707130
4667512674
564383664
97022363405
5874998
430286
698355852703
2957446
4849562248
1896957
61709328
641925476071
95837410
253331995022
401318486987
6882243
853636
330069
374945
47452190600
593949897
9001041521
40471327776
9600739
242674596
5701585584
8711619077
401295888
64390929738
919766427905
44425076
17855401
34806134457
1023285
743700496
58840436
4809503
750321027132
321482
648760
770494
898340679669
130346
6882134
77255202886
658925205425
140571385295
9008335
385638
7648052229
490519688367
147678661
967373
68774980
3163168710
56793603
9045832865
360257399138
4247011
91008590
3918813
591782061
460030449554
384699034
54744929
6160665687
4120953148
310772457
48113081583
151824658
1619142976
22237240234
7127031902
7111614903
51156096
2947013672
919541154524
41267995
103751
14815897913
5430819793
601845689854
100831670
33769555012
8754876
6429890
27066301610
980442334
9230772
9198812421
425099171431
65426820202
76268061
88471872
21382324
85876521
3065182
8975753171
48615903639
798723650
48314440
54662617
713085198452
5044962
150177096843
71550320055
30617943685
439947736546
90029451248
12626627395
420961610652
1953889
306174095792
4181016942
6357530
927536
18068739
567810436
147337
371761373742
9073964840
935448005755
914367
473627929
42023870264
820441
8951796496
429179544
6195211370
391199606
7841946
219282745326
9955573020
95906277
97389869542
917389
538092700
83172347381
17276249
78034113
571747
150663509586
2060837260
3486710385
3972210
6515236443
753303
552974848
517074
7966526
6808060908
1138836
16204447966
8919402968
6675286479
3660787
26516820981
103268
41126302
7660958291
39515349
71150904522
54579503
63693844843
469852826
265537
436544768
4682535
307933
3935726957
815670814995
981693508569
407245759
74509639
2961543
66652737309
355409596858
545393878
624059500094
902990
942398
201233
594780960252
653347337602
17837451
480755344988
92437439
99246450826
969033
917224365
44791958450
1001904169
203152
77800862467
8028056
512258
545852826
8726469480
22347627674
5471151206
25634554573
77168600
32949860448
213945131
272060255
714155
4374135417
9817517
10060811676
6813490
5172513920
7400316
584078700
461860450940
3613342137
9795082
499017457785
1880106097
9147450
444025843
597952160479
748139086
6146703021
639687
7546591947
145366
8709519945
7960721
805526522764
7170098
3061351
92253984520
2033184998
7552176
54048172
8803667
575636285
599073046
4080392083
5140232
9633379
10563083422
4824748096
4052235995
3879880
99242844
37258815
4164308892
858139151963
240710
65577331
357418918933
16607850781
94798223578
726223557856
45576899768
3243618323
146659808065
782712670437
565974
945225060477
913391
8184052
327068300
57844988
919690
566527507
781750214817
327743316665
741646722374
577000016852
8854295
4735965183
2461250886
710991358
644879
4563945
397070625175
29654500
340468523
3098588472
917254762997
44330241906
9053410399
660226
5869035074
4240237677
1720048
236160
619528107
19474751
736308335412
14312797
933340661
35466434683
864996
569144
687320
119357453
92038181195
69018831
8424683462
9605353153
521967259
22019312484
68745681155
7152614293
813528083057
388733
38270698380
23398484
849280585466
751750983478
952934792
548646824436
916910
1515323
3670233
335103
8057124
12279030
38637936546
41346970
54832302
5758643
27266556
103557507
332918894
599920690
287245020470
3728256153
3372678114
4166311250
966589851
6084847
3991279
6057072
45453244
303251590908
141533321
71783980
258738447
45605391
353331129974
829785
920145547
1199151
13392549609
7469718
775123798762
42624554496
33617115922
852209741
432552406056
12005893
90792544
6671003802
6258943
488941339
643071131323
422171424997
201142
4037803
21188625257
3244295676
118924
785810
152587665
2676429745
551241742169
246469918
43473766586
454743
2581047840
22417507
97073720151
961446151
61158476543
924153352
610767
7458636937
1654384
1955259
65107524
151476695418
27434413997
96611155077
442230626
12281473275
66318819232
54026376712
62345705
16308875
953025
66070991
55627377983
1417743
354791655135
8678432
670280
97871265
7591109460
9878406499
397819
730305822
20289067554
653796476
292160310705
983225
562277203786
30293991507
27648670
71068386
1837896046
376950
749391588878
493482
352958210
531748992443
693925753
31155884
124113
801745778
5545793
10840871
67556500334
966665
1364074231
79898982521
864073
8830020155
63878091
63428838427
8918278
61138822
289259393109
680406750787
8414907
3192968
5510149
2375188
5165041
4787694667
936196199
5553901019
295143
8345348420
648167
633216859699
165536915
372785
5739136
737859449
163911541304
2685026
5275130318
89479799
5372810
342196639
10523983
533578649413
81945706248
126577812
58022914
83840840372
903281533
589266398323
1886016503
6434385
3039017
65385635
51337145
7121151
7341519
66823618920
990100615728
5179652
5426847
207556
664509968352
373549794
40359511782
84236288731
888281525
94562142
7867056561
770247668
58623801297
875358
881452487033
554408
74337845236
11779494711
73339289062
6836448
6262310863
288117479295
7238009833
7856661
720882053197
952502345961
59925340
1621093
7904852
67101109
691870746735
42746711
369211
671633664539
47439967
5707125349
407386
956229
90486783
488871
67233803
26836231860
18942361531
8951425
2126384089
133367
839081
14321773842
58299454024
901600000
725012054787
9639483569
83188750
42706629790
848091324702
663549464783
65712671
3203195
15499235
663638
6561609
90131843
8908084690
426392330
1689014
5823274515
399302
811413
421623400524
174677578332
475576
1684921495
725389
932583851572
436392977
213114
202198190
786329003
7456319
5881402
16406500
315880691784
3398094
8880559272
4911588837
5415021
96357781
30272957680
401156492071
746738200077
4141701522
246886617
2598297
8816725486
4586830
183493850724
47906246
4397265683
752064188
2547885
420650975
2090623107
113076
918696790
2587169
374266710560
3904725
85400514024
2888119812
18964556957
97077957
1678559
539186183110
1892366413
35878167
85926809
1140384
98705126282
50729191922
294395
869875144515
245543
995242
211417398268
58574133613
9147878698
78603614
933653968
206314473087
9429158
904966803
820934
713561218285
14412151
985903123881
67101844
17432422558
7012552
18790810549
29496828
901511
862964
80828777415
93381970
168631
5328903
155290
3598882
510738197035
951407324583
175637745369
7738115810
933113185948
7688292
5352167420
87468277401
771533514
5394183
714808
568321314546
81253302
4844227
504566
162413
80424163136
814511781
183309
4161303
640968435283
216337377279
833831
1844673240
4713694
61054803778
7064874
287698879
170821973
2123103
1352085
4243325631
726674495956
564579614
77484496290
5763187
675121456134
9976038799
1927131978
26165155233
434787
28498476
6018891
66205888
736841659
64871251
825166046
1919714
640066663
18160851
5694387664
8232283383
5315598
687218
555977752
768167
358371187
572347191322
641355875
2015520
979777
966938040776
47174093839
3485899
493715629
64018496
5552279
7208258760
82609973
8575736
9509296718
559821971740
51540951
7693181252
2410032
2629274534
3971661
972750397
78114718
49816325005
44271620691
34560846
400916519162
450644
99658678
3142326
38525863
910938
26879877353
2207318688
96219744627
216044451
945211
5113460
95336431
837150510
865057122
52210480717
6790317241
483184441710
3718821225
3847569
377344604
4413712
568306603280
334282
39467045
29909408
8889362
230740915748
41094806
16348318
718552599348
2319243333
970154299
9286676
17617276
6053732
501646637
23155199663
2692624
7510881062
409172305883
879956
81969640
9775884791
34319683
401143416
8822501
826680687
562701926687
7769091401
626687
25901830581
103011131671
9642078
427055599735
525884
491014259487
3379783391
616192
607747212117
5151728
1210804
1743005
34475493315
649635958700
7316160573
794843017161
1582371
4687486
410506139
5355775259
6976572
634616583
874298825717
9741128230
823164688928
965794288474
51158670424
652597525500
646509
48366888
14693716580
34904128
2613591650
44743419
51409519
91647184
8447361
966542
51769038
851809048831
1412706
6126548529
503938325
819239658
872905562
24590109199
33532489922
9215828
37171455
680222223
4012083740
5991531
159178
39246552
90903675961
891036199703
7800557588
75738477
997572868441
164192
9822592
70936651
111250834
222142
91890976830
4798144
9083096
48049990817
7971274691
46177406191
5727230
84793995
3777809
31142535482
503901470450
206752838014
328828
408408
3721250141
8836828181
848646607
177445
462853
697679171
3946540
43895319260
73491888
5622014916
2844956
4200940018
8611122
8260575
832347584442
23696685929
861018838
8747042996
63614520647
3866450
32229764490
950501619
655291537656
57223569
121400
14697021934
3029517967
664628
8281994210
18113724
3807030243
2723193
27109440
74104040565
24729005
158330938
6554182
81191611
104993013640
1707853
304787721
15693942933
234248228219
1960131
43870746
15119969903
88629466
26639533
3387279696
59212985
75710734498
9339647741
969424760515
8230740322
271542
6012634
25737227602
957921875
392516574
940830550
97371621
569477556
803273244
6341251
8625741456
66391297927
5944564222
8107504383
2956331
988125762799
788707
319232287
25863294
836355019
19495019791
512902235501
21754903885
2712608
760071268221
81197426526
27070145
1328288
6065226
667508
314992020
814886
6926730
8610031
832995408
602254218
620002157180
5718597162
50101382
151326
53457003
978132
5335117480
5382190
799837663
66863089604
214028
3482499967
30499887
1293748571
580358
84510304622
144281113
977798614445
177290770
71787878535
727999917009
261868787
2692708
1977854
1531226
3160520830
7693588
1818374
659778648
4369385
4962660139
621123
704290109
4205053793
836381286274
194337859
817663
273212028
776259268542
58320305
643059927524
718656
9369035911
861674564
94709652348
847768615
32480819
2700100734
93743392
8984589
262108
634060565463
162284598520
351962917696
885813511
792524
43916454
1282051358
220681980
498330
791287395032
508613447
84092714529
365394
725302681
518846180
4050380
4743989
875205599195
1018860
649348377
37557489141
558027
341877926
5820082997
524236
943221713497
75543031753
5506272911
845518
253397114276
14655466731
821050295
29086342383
742928
115911850783
61373776855
535168551448
7211303893
95086688
731111386905
6285227
9043633
89888851424
55704751
318925
334978697
9851686462
2040402301
71957501
602023113167
4229764652
9625591271
37417559
660798580
68197814
20622252
1834602
1353040096
452764430
805968
8327908
172728531
15138257
885146513445
26615297
4374166863
6689661
96478296245
393383528
40504478
666534552
46369541606
5459697
78746780
622846
54883583039
2379482
31446738
4566798
463485180
9366183
67653928
53952774281
519294969
14150929566
766045314
946851
8954918839
1569858079
761714599
2426210
61980026
272793
475477
3196154458
758002374
9483746019
479629885
318469881235
9538825
7346357241
194926410738
555701961
38012611
226999
191730
88401018
51416941597
723909149401
682974908032
3043573360
669958411
406371154
396092221
4829980
781914265658
4718569
397082
4502893
69339000
503413
268277918165
16439224062
57400507796
2224663666
60480499
767544611
916888718
6241661428
620681
5282996803
49182018
61925746
4729208
12526175
83905126
5081783
8483467
943962069
6787655963
54575134
96425624
3291808
975616368
938220
853228514409
62428290
820538400
8750896416
4214845
66137384950
771518
325302869
95574693504
766735919381
32310750
50784745021
113027750
204782
357061
52361418
4029672
93045073
244884415
83382534427
53547257
2840372
161115
8085544
371929051
8846509137
804002343
918438
35204112
773798842
12543369694
4942221534
876375730
86274724
281431086
441633864216
237778659
89348558
654333922477
338802894
76692857372
75470430586
32948856267
70008302560
266865559701
84279936
4917291019
94029504
8399636
264708236469
93493254837
863584
526136142
938450
75871491
814059213078
524981
6115686061
2005769394
97054921
758714755
417836041417
108111055105
337599
898778031
50292339741
94796175
211163
59012972814
33345386
922724024142
2263588288
628902
52397439
173803
99773090829
373957276
525591
1777098
386661
947290751
389585323103
731038516377
825459
264383609496
193816
5630857
488014
277090558936
19708929
47628739
693340001157
67450277
8834755
527129013095
836354274
176512487635
8310446783
9814908512
9650698
483321
2805396
456108
5919722468
10774191
51211111
981733
3923739
515494679
4332833
6789556601
8886212189
27488370
8110615
3194348
5087683
756584
752045689
230302812553
15647718
10601059312
58050017
913213
45431659
5281153
804488
69408324121
4419028
6487999
79691807618
5023319
3040838
469709570
5216263
71315232728
59682627
7745921948
9896886726
61304683603
324114
7997229
38310862
83212044
23470120
9972490899
36213114669
1674719269
14253133
844695665
4206084069
650171
524965984
7029146508
426970141878
80341700663
68536015
389256
4224497
72567148780
5924266
571351536
769481077349
3248217801
1514931
37185589
837173624
10893411353
4146381094
57486838
23031179442
550034
823519249
7830795
8351959
41230385
46175570737
1186263
965697
2436428
945609
7880408
94148783
80746096
79384156718
26277990
867623
3568532545
34621733081
2148194231
366437941860
94293640622
775332897
439351738
8618073268
137740
6105498
1971186684
677468
787782275955
8648522
818063542260
424080197
168095716
103547664101
633266
71491405100
341724693
88539099232
33807319019
2463665
1674339
3534326
93556670317
797092
564826277
74192339
989730562
90033417
8522332961
974347
98976221505
4059959265
817056564806
1939135
84700250
69106023
277671
293660
75133557
80914245156
85281181097
1583830224
56367264668
256285941831
695756283546
458856
441254
1554996717
176746146495
597907687
90261533
1742230623
43382030
2589953
30544730
408874
906917
662749
4886911583
57223690745
7745433144
265691210516
5588373651
60246607
730475460806
9130548211
85092116
871627556565
9895608620
7736563839
700936
201115656
709673014931
233722774
198521
3177238
906217047
8701847357
43295423
41659817615
436334330147
5014356069
456874603
92227133
900519933849
133383439554
52752757761
799748
13059639529
400714
50948090
96292412714
12461713
6308418746
826017480
145214
148805
579396
5610444514
790523236720
213210056830
21603987254
360378841669
116290
17710276
89251159510
43618206691
610357
431844
1909404
496396
95405120593
772063
34358343499
561947
531552169471
439942
769668128604
7162827
13006007
98566247303
594315
2435055
970781
569223
813447
9810658903
6318299972
91227674
53698725
104943499
38490132223
141895
899653656
25088288
836278697
708910851
73968506723
44596314
922853
61377336858
110464
654001
6342248264
9881633006
19349406241
521853298
416037
488865
432451255237
86899065
45877129
17807485
691311712
6098258934
224421
350728
950253097871
781231824118
64607310
535542
12396376815
447285
379018
84338581761
888408454033
855493937
772696
500964578
410169725968
1962267896
8820449058
24260354
34173746
5900751
8160292
186937583884
557993
225240652630
63087054029
1754790
1378936
42425980
196915
482756
73441906528
579574
90131674950
3293806270
309239110469
943598783432
415082
71451773
34313297284
518932689
49242142823
62677541134
4750779
72952264409
99436625147
2217984
661626962380
6422308816
1855420193
201562993860
6894654
58833681316
16696980471
22354968
2991813431
4095962
702061
127168463
74683088112
433359260
39820580760
454732
8909519
7427482
16952358
202399801
1749738592
8847386
156665759434
2012871
8773406398
789686
708646936954
477096
55661959
523085260
6974327
80210282
8497121832
7797218
1885294862
3437741
696743986
150862
7567538
817763791
8848130611
37283587933
849052228717
3040647
348319632
31053254969
358475747
8192998
505706
79266698031
2944662
99852983
9129595755
116802062
858797
7578369860
728147166954
639267
6512443
9836870974
5643205399
8134707795
4608129132
875460286
207710911591
9467399073
75199408769
17021559
382353
64655741006
2168510
8610906644
779760
561045834624
4599368646
66370915
6176448828
204706654
696964
27850713522
76783151
27260666
7199183990
5390395
228118082
677237838173
8245939
706549
21521611
4561054
2357633
749840345188
83358456529
88736883
394121694777
5518571
281880441976
3636225039
885910
813061
408931
63899720505
1341127
39143221
8683516325
9700486562
2516535278
93035580
598799
90447289396
125289692361
817329867
497605
870688980406
2924770
87971922775
42575738279
873980
6389160
2506176156
966415125
227664391800
274348474
236292
85488434526
83879500233
429528512469
3153242339
11996298
5491612
413829664
413150004
1311871
2786562271
7813026
546189100
60865793541
255912813
250872335856
60264600
50946809
500535270
91435023785
367549048
35250622
439736051
549491492
131891706534
60792724689
5342479377
5263853
6172614924
68935615788
191938895391
32802354731
62744654
9461666
1408698900
5458422418
398137800867
15723700
9243037935
1123908
897115357
77809461822
89873938610
8095082044
58562607462
49594891
301551771274
561607715
936486742
5555116762
7519851305
5922591
4147225010
767782
261684529
878011783382
77498593
317463
462428
70639395083
5852523844
116885869472
425898639
56619474521
1633553
62931103
823499642890
71094186557
73516985138
6072413
660246
778261049689
20124413
72799094035
322950433
898190693531
36875472
42730011222
363248874670
56713161
92976759181
501663616
2253791024
282470
48432861
80462335
53024495233
5328702081
665861936863
693098475562
35785199
2990803741
59906023468
36295297543
449767
2958033
752939
5264501
908499908
484427
4579709
5963375885
62318679836
267456196158
560806905615
179291
623807
524617
95320136162
409937636
3297106344
2005591877
273142696
795315
508964
4243482
253188908
294128635
569003203
2956555
3322252
95155707269
83798943
799423080459
51276063
39997282
722285406853
9501803
506202919169
424011760505
987691
93551894
4791500130
89352327146
5073542164
24747038279
50971172
997673118686
432093118167
373649
1293620286
84285911
1178210
7319402
60581128
347319
88169468441
24909472597
92629928
2763714009
4171817033
71803999
447708464
3396796
13807787609
989101
292364
82141448746
508146
2453751
7836371136
87551175
9110805352
877921190
656361671
6375001584
73495374
771164
104966611915
6604944
552904233293
484973301041
4199323
9744999
57574522
162380608026
564789411
2579449168
5845022
79060188452
931575568524
402522
73165307175
27289468
98162175150
31705188542
68800411539
2964900006
59828988
392493
644704
3814832568
80404607
114272133
194246185
899411
6431709869
117103158
195009928843
45655372
4873706401
11849237
7538409
671100
19362104
85905531
237156158
1506221744
3366069642
30029250883
844211205
7479971659
154967
832306
244242573
372825641
573455538267
55646062366
65838002191
951865823381
14811417993
5270467
9033916
449071702623
788621519609
6960605380
60600484
267586472889
471550
623098982039
18822254998
99867375
184666203
21446012
312814
79367811
6154243206
166179776
88304525703
30909118506
850862
809392424715
70732616
445378
24615426480
803028465132
8866445935
898347
953839940473
851664550525
600168568
13892071782
26974265759
247404426
5854758264
48675001598
949638742
60765690245
179718377019
616681
80564423
27358748
9553596
93043193074
4741822
1935457
72002344
28436695330
519232728062
113743464503
789518255287
859353408
568130
85015400550
670114800
872433222
710981942
942929165752
693051584
29497728162
838348
654260574
850743213
503319119
293149191
6975371092
1256203
7631780357
646857992672
258771864749
432679626
5453768553
28518881
66107707
460738976261
3331732922
97015229
793114
6045210222
2845328
24210005736
8287089791
9578236
5409372383
52548413724
25576361378
122685377
710619596116
78386552585
7804006392
14013614
7820656876
5764466650
405053261
8369600
38454061
876070484
135483382
86996782220
20261014633
192058
61884695
251951049
9781542
98974630
884778559457
44889333
2705967180
1447809199
106922303906
75035371474
722932
693493
29560093603
2622955
4510244838
7409472
380031330995
7130608
311262175224
252016778
59823175057
7395477920
2627469
1953181
15030764517
44876084040
844489396165
888567761
173850820
6584994
700096896
974240
135948348
149079
81777774026
896886
211630
5991908
634742464218
56512543
8266398
997823627
343058070
3548327
96547061286
32103008421
3185351373
5903905
440739807408
173248962
589465
203070080
310577448
3695715046
58630279
6808771357
596590118231
1928454519
744744067273
39422965
2041825
726586099026
910412
48976875
1487841364
876166272
576221483
1403872
26197058609
30043899
9945052
639990
1179723
81869222611
809690
988274262
684886
96771009291
5754548
1991828033
526593642
712894575701
67337240258
527631605
7292357040
1723675
17782877
3437937
6208763421
308663
47142020102
374818577436
92034297
26145441
832726428295
98161982634
669219533
850955
2409971470
12950300518
94920518
37162922946
6591296
98945097278
47909741876
908898745
864550
594732196190
97490292
577281
447578944
437585
1912327570
65586769722
354291
48321419402
770731480
642380199
18709016
524249
15047711409
73903391
538098410
858739025603
264300929057
272409
467228
21139885523
7298686
65947173
3575719715
27107553
19297726
1949733026
11845374055
8305861
1463130568
109926267184
30529147
870219455
897396847
98311252
7349683061
463211617062
24008756408
449371223
6260315801
8036830866
380239471183
404603574
35812155
975231265
6374121554
9592011
559686120
17420585
560098
96074538
99462952903
2178981
4546582
8328652251
48456428937
6600399
417050
71288292652
659335845229
271675
787584
15144126180
85858313985
593246
785080554
253875017446
401543920428
3465790447
6821336
13598251
59552777
584871586
56471353887
5965468
749604259
8976452597
404497125773
18692194
91979733
621370932
31399139
2482884592
571876512223
17221290
85270010
457048948929
586253642
275910035579
948199
247803757505
7264048856
9744600
47430271
22348715901
5172691382
472322146600
6515862409
191841
93098616756
29942927
1138951268
32014526
281623641
220524923
790833013
93975459
700651143499
38067302
716865769313
957433201
796971713
595948287900
7777968737
283131843
48228094
9037473
26361654
9531207144
25768383
157672179
4252274985
32556051
9005379208
42374602
527245
30155406
31554095363
7299162530
39371070268
5944682311
7665744
72216801395
81714627
4652566
33580345756
591622989627
431749
670085052250
3439742449
5550510128
323708852
111160777548
5441725
245210915
294396686105
252385028
362011663
726460
13513176
7849144165
7586827533
785795942622
122053697906
501813
14567220731
576270672823
880503
407771880470
16213146
202311733
90321080
872140658
66206164
300109
21760789251
147744
729828962
63867199
77142897
7760236
972469
3187669261
2514742345
423197812
794903558068
8145892
218309740687
4563413
584918321
1891385
6268089
23423285073
24356703756
9036354
68784040
425628988733
8205774
72575600897
965922
83452812975
360384
809820041117
2584922
73851334
115396654
162462
7400845267
50126935430
41516251
3796772
373554802
36912267405
99715673779
4717040
5887310
37081682583
5594242157
87675369
511354
4194984
474160521770
75232757819
674344
824400
459761
69166341953
7205108
42576629758
55012372931
615383215
49805063407
6469460111
6174541
977794
525657
41076357
56217210
924012169
719481594218
507834495967
143063
27046762
26113040
433299737
1172853625
23719666
399185
87682369431
375511830906
1339216902
838897
729043280342
429239371
481570882694
9419095
310955
172940
9305472432
6764736
984789309763
657899
2934566923
561866784774
869339385632
450390023539
90272715
927776825566
426217529
730566
25006936483
841557988
673277
353329669667
6177125
7068639
25576456810
94833216
251666
18875269897
57550983850
410324993343
9672119
187415
21919063543
3603738
9050253102
498093
451722876031
695841
56352018509
27480079734
77291410036
13045418
2829010
96556612
63399239886
560385687152
51780450578
10351528
829284
4222136022
25122676719
1137259255
95665488259
4612979677
1456604
44387872
9727721970
766731825353
39227382556
1392710362
3768514985
79666117
98059591
3455692
8685701801
86737069828
4401089
252225027137
461455247
316259546492
391664613615
436787959
2765300
1602975985
17872092
77202751322
465478179
157239151
475214221
93143262
885513
305678
418296
308146643483
743457845701
3496956818
46200920919
73917182
84891006267
854127
597878459720
822180609
72737289519
417836606847
447800823276
434983
749293
99336424
72016795738
835031
70847176
4245044
36756159
992282920
875391297589
16274833989
705164
76181447
764786665901
69505904048
47102253002
528205241
53332610
7392330
1423042750
836213157411
6089619779
62322031
348143955
8503794792
84682074519
78537736059
89110726851
7199331
640402
58199331652
47920732663
334849855163
1534873803
15259572537
346741699
141510591
68275564041
423368586
72629447505
1884845726
52037610349
28248669884
83247003984
8393667788
63282851140
895412
8048477
3931549
9270539
879027837
1428923598
458608953
8752484
66211575634
997064846265
15206190
14231857
7325135642
766558847537
94547748
1625341
347905995249
66883885
99935729
89831700
31825215649
34926506
8329297118
41772580
992328115559
728671799
601505
19109308
360739795
909690311836
5615568894
574700549
3208000911
12178520
66082429650
93291313234
220410951183
572811
80423530
9881259
58877608011
650156
61622877
355536
539260479
347896191115
696421648
7507390
5879803134
435430469801
39138081357
787199959
7588617
618311811
934728
957814790703
8018049
5574014
658119
81651887
45867625
802252542
48413820
221832878263
695074
172197950124
2641935
794735738427
572991
36046414000
6691618
9282024357
601795
10382430683
41298301652
2724885155
386636
498666
803720278
7765625
210693000
6764500
7548336065
1392924
122090127
512422112215
86236571364
590334164
5824077
6626748
370159
159813289551
8916062
596525
699463703173
564419318
76243273931
951346412
24682874866
1616084
5235501386
12347512815
235077
158561661099
5435416530
7163691403
2309442
212410240021
620265
450291436327
57476226025
727328660
21432866601
8817058551
9915445539
859596
42070801
535778393
739197260
306816601
930200
2773715
748369
374538728
736279
18617191480
389451
943398
40305533524
7781963
46110799348
380129
84150715
38295213
53188677
155087501730
64632151
3983742
45364551550
6681058956
6545514383
8895807176
531766
251195775
91129451
84367455226
5898462467
57357415
871598741
5324503
1137799
7395996
94583698
348477189
862443490970
220403
216519250644
256042941227
3826381998
65107195540
48693278
61290117037
122402
61139036
39971597374
2041206078
835219766397
816227564651
550111
493949715
7143943
790993817
31898205
6506519227
2511910
602775
2647333
8825895936
591962129629
261438383
9595790046
78603731364
98517471374
86026445432
32563455945
469853
755037509235
82943769
67235000
60430554
370572149410
34621965716
15520463
4359827643
658829398817
4582209622
2432272
74243853225
708127
426390
822293779239
26765692901
101553372834
12881939007
3893345226
319460394
60102880891
448587944
914040591983
7303874
72261963
4508003
396715162755
2253009
399144811
99010738474
3190166
336517
2549731
39467162
969328
226432856888
874355
8728727821
101717
442841
52094310
28394977838
277207955226
120090
4188963764
613022641
409065
53513614
224132836787
93355377317
50237115
25870301
87155107
11130023
335891951386
27240502
945495
81359841470
216539
5198028
636597
634724923
232592
395949
510106
95745607412
929426
30595940998
87859605
1236888282
2624803
5811283222
955854442
7138446474
2157627202
75312976
973887094
9110986629
174641
83914743
2123102
7694013654
1443562
95617564
485503518
437309
28890045684
2939998
557639674006
2057688309
59166775
68204942
7646769803
5742464
8721693
443165623117
7725203
2394167
36439088
2089099
744302773
7283752
846709851
114404671
630098462
761855492
67994304
26016533283
96014394893
72737714253
7458560
7253571803
866979467
7921605
71692051040
652307
808072
996624
66087726080
15370909
974317
76590010931
18066109074
41534848333
683567
980653
793770975961
70056473
2507194249
624659
436372
7666251
861384
36090664
5426444838
758863
16132291727
393016
19102789915
5852270
100786
578291
173917216
7070292
9687679641
6936473
109421466
30801447
705889131
2584624
49751397
7820909
26557696334
982816516
373658
270882740930
59180660
784749
410502
162594818
613049628
359469
71424113106
305446760
946361628
398260
782951190
22535121302
104073
4958957811
956879
628782275
864932135
899246
46372876
1033688
8590346076
411465
423983249314
33620675164
1297652689
680771807820
8236516
711645765415
847011777964
560776
774259934776
8798320334
6294968
32221461
460887403213
54223189595
8894496604
6331156
588478841487
182026
464131544215
8820164
7842593
620087
52017796
875550992953
188082364377
667711106814
6809834254
25816598
541149976583
5643733
435532477
11003163
7775183992
24432035431
235882
562344535
68671586
854752185886
71955822
4286008
61552881125
93168949
439440323904
70582816
497327432150
912768
717088
7272195112
12950670759
42528834
354736725
58435145
452638
359946310
880674907
16084188
8758770053
260126
260746
983296826
35718353
315827247825
233492057888
855447896563
8521452491
2430030
693674
839698823
200781352111
650930
1102777
5014340286
874680466019
404049864
8956255
231483
7529994437
35273044
168114
191527095361
18531551622
12716114
6911224490
9911527025
925307199
97566906040
3063453287
47519528
940955034
58314495
6384224
2861899
2589162126
64572809
14996471725
6789441113
9564858260
537300006134
7701220069
7278360898
2630163
711617
4199703711
376526834246
940589
38611563824
331096
682375873586
4794343
52739680955
176802210143
69561499261
3221714664
523387431632
2164356
47036117
19578552
716689
95677738
947176
69830347116
187914872
6829376272
38896176046
383052
4962016
210693605695
180993852
562017181
14486277
511504186
786305347753
680950466
476887203185
9538007914
2945305485
56995267
42053648
7541024950
251763
273320853609
9135099
721292
297790625
40920948080
92021955520
9328983087
283930369
8263471726
15297607
8150796
63500308527
63456506
42861352
2031945965
13503064724
3867728
6695062
189642006797
7468176
8054224
182381
5383383
1895463
9111093
468337852148
284899090377
35128058
953849778551
90855316
73605362
4347442
3400555056
6443599
605027106
23885177
660946
89127075205
6604776
30830157145
73437874057
530919843658
568737
499293
397600
136531976127
274933
79606819
483751543521
983170333
856106366
5332876471
452323296272
396921623
7875679301
4833111
57573648
662138593
48530468463
429585
43691175
55618026
276447820812
5994268
6885201640
78039136
14430673309
9890719
84132573965
670100291600
33753400856
406711983178
72644048
210336
352595439099
64836233
35303136
10197060
544920
159897379147
1391962005
7072299401
122651539557
323756902386
417893858
258046671152
3768943
83955976
384149126938
22386521
741237675672
15731633098
619377272
48128712582
3183382
8636449
9002345670
273516
24168873108
22609579582
3606084
97034991
32561588188
62955784562
21373146
4040650
7008346818
83876409230
649295
616377
5133548
1357443431
8833153
13376160262
73342864166
107455136280
32333179383
671225
714263
93297974
40660025440
70099465042
394487
858680067
55795925
729413054
6695038
9488149219
49030462539
15381087
8900280
28994100
538048972234
370991
187199176
702249578
55359549
299231
711149281625
399068
6175000368
40803462540
86212187955
50697332
816760
89556573146
233881
65185145
6637187
76833251
307145338365
250359501
70815986
673998261
3243438
844075402
709384308738
27636709
75262803
619522761
301043569349
496464
616130916
976733337505
56326972
653695127425
883321832
788866
74227951964
51984579879
115699
66276840
346819974647
81202962
242088
75186137464
5061336848
233246
39099872
44902594277
559774314
7408184
29695199
3136751
973819
22801336474
2370163
1185386725
162039256540
364200
660118190567
5077949
950342246
735312
841862479
514690
439660309400
119524570
333538
296766871158
844339099436
622058640490
754755
59862873
52115862069
51733451202
98401529243
61800301251
78705092
152401447536
191009848099
3236568
293880682
883711454790
285988933
8295257
628978
7711446
673181
6942571132
2754218
603904172
918973859314
802546179449
63729232
1513078605
4054656566
69877642312
150627858
72123534
25255134600
843996988396
750390507
3255088
70138603928
560207995106
92602896
98939427409
2475438402
94411168670
611174
794673569
834445160
527549
6845444030
876351932824
19645883838
74888072805
54533713162
50043256
486384735
27667416104
803364829186
715125052635
33482799
252289734
539043320883
55413450283
2807553
990659
757214717
5858967315
49293359
44516328617
258987899169
3619567206
313091278723
221751250
27789356790
5881735
69518684441
14563187564
13938262509
639839
55984310947
9264391
976826490482
660602729549
58509916
5722675
266590
98105288
33799486
122909250154
54872584
6439460
60915029
494850
86669495163
467171
11130208
12684026801
84613352368
628949287347
970564
246818307093
904665326691
765454449574
7004793286
950583
200402820015
3413621
7309256
14259120579
2425414
160142
14724316
618935520
836654643935
334684298
647618620586
7422284
56553863
21496964
73781110695
36695522610
3474776153
90371157
33818920
10761734
813531592151
262267
650263
781022642816
17062601028
5394219
6209239
81055102311
93371987
86976117
505931138
62299093
340713236509
672166804935
5937299
218373638
952466200977
905811949
42726425613
377993735908
21321668
97929386
25589699124
912210
591588807927
47323514621
79833166
8299492
44973645709
716789
3189612424
129447006530
824643
773506663
98447319462
99682645837
8102456
655156368
33280814
76039738449
9200212001
74273441455
4083945943
3160613
7901687
84394561539
8740946735
5964383380
535985298265
4222024090
113534
8657810578
315426103
120531446741
4628251
52468799
5223207598
74623700
56473437849
3650818746
196043169069
84921798
273674680201
5647289981
2657392
692823
5498525715
138786841
79301497
6149030
9817037
2418451563
56595163599
479440
774649
738063
529654622
2613687320
273466
91876058
2740657
9167289199
631727
411711410
171671105
1552482
897347
326365
9196046
5458154
97385567040
845993299
9010333174
86668388618
7346794
3601067
721002632129
622029973
280521784
27023231
746984
5266897718
67762510
963451059
66219816857
4790536079
11364300915
720779
6525592765
827095
8175174639
175993145
4840758877
46881773
35872598530
719744
783197785
884524451
714938663
832896
414548
46433838
561623756000
55914043849
468797868
355852802
4683291
5960759587
4806323208
734459426181
885692096
2378066370
522272
8008941602
594825
41806597
47118832
71824312422
852612934943
9719130968
9787695
38369185983
18299310925
1019242812
819240410
79018713
391343061
7561371844
762987
216388
375971
48444202
60788626
91960234
209298860776
12293687354
78561246
580534217
11360375737
3023341
3372705
601686
73711666139
748447680
35925399606
9878080
13640180
928686963
61219817
25093313
44660653640
121946
22638524
5369520
468676
1875721
8954894870
872925
407296
916357078467
9779404
2149401
134000
3681564
910999063
3790305
66951185
5864206142
6547966197
27036613
14755334270
376445836
696390867
857528861259
36247560498
186115076935
2673578
389457
325816629915
34475333
6703641
236377751295
725388060
498988776860
445799895388
33123986622
41225790151
56927066645
643628610
750631740
19785812735
817281359
4290784281
749966005631
904480677
7018521
774455476583
482653332
97987194
62498832
281881435
345052
4788561
4646904
7551022
1550868
2940014
6997107740
3344187006
795454
876319229280
2494050657
70916282
378645402726
7053223001
1640488
626533013
89971086
374622
428242596
5005868356
80301925372
843176065
585111
438777920245
999102170462
761085
211751891
88186458490
264500714
443657669
54192021751
430098
58841516170
373116685
100807207850
577271732
9119856916
965508
679726379024
7302272645
4203581
1173544888
5315665516
3193399518
2936806377
303638470
494795390186
569641118753
94431714511
66922404
1694227
30725558
558181117654
19058916063
944839377068
171670254
213029453
868766072986
9790371
8423415645
36442018368
65828956386
281464
198318070155
835138135
826241843090
98023361
7874977
26423378
195977722
330481762
717267
3090529
9491025106
61220769039
50158203
761663328
2870882422
5668870
361510996
705475
79369065
93507825023
440389348752
4882142155
8831459815
1924988
110347
843163815
960857
4253911369
612668224801
74766846824
93444241441
35895290921
97139682449
851022
96378874073
652074570284
924153
8598325562
551173429
101396407247
125097678
66955284757
25897374784
27290076031
9817561906
65194239882
4808933166
13989864
747342
598886
813483
9165096903
157841626345
81640316
6043059
4058601
89586591680
69596763
768807592
81309793
342835
259923768626
19887154616
155705
520257886
7711725
1974946881
54661533952
37368988
5103478
35973135815
43436092140
4945388611
144109
791491301
5169395
476025375166
6717992
1372708186
742139890
99004074
44261748392
28057063
7128921
4428122
55431082502
9477165449
605657493
2434629855
758682627195
3984460
4051598579
6147516825
2833349
517629962
634473
632424
71244621
460430508
4682372
15939206369
32040975393
2208997290
4296335597
41552483267
3806565
1273556
1848092631
4263609
288716
68830282373
19268274
35409349
11409742059
6460535
645244164
34245152112
994163821373
20711123152
1156533
9706660
553529
330776
7680294
7479325
33953936520
859183447631
11040922
922489
191847323490
2006180549
68812855493
456519
3261355
61843023
345712374559
936172
2024332381
1789283955
2073966
4773551992
437173027
97533748
60983501
3004631900
9381580093
99943029240
5764348967
667382
81697997517
75767751519
752604
39543975
802045308
265827281
2367781364
445826729
357299939660
17701442
267616754688
780790
617521165
61094257
73516373682
897787038353
686694326
28013396
193206454017
533041472
777447791
892983943830
41701249885
6948669
1292858683
534182025123
70155421
731153
5573441
53059023
834281263266
881677585110
4994632
950746
95912496160
30808995033
4955918
6531111463
4701108
9202646779
17770311
1490841
6339620765
3513560255
143951032
3373833
692649425
3858288860
286070
48949366
103699400187
896489391
13952000
149314563
188557674
90433749
6695541457
588715
515289900
68792961223
44202345606
3196569
915249395787
8220248415
835404
5619441
36131552722
995309671
98952878
278691
295441349
508477870690
798729069755
265508539
4439037
275947360899
1870841607
7763497
586442
60947531
6537366
824178466273
3956822
4343357
8452736507
8607189988
8295313054
481679
260035
78802555750
78632109
504696266
6403486525
71689893043
34108021
472159558313
423580
576510404568
18407525
7005985
8947134745
4961201
885320650835
1903371
92324333730
979038628
41332715
503589923513
589417383581
4235720
873421797
32500955
250932137290
188425
911162868135
82049731892
59159778684
1217130263
584951
377060
824672231
341799259
6468935
840031
773731911230
6385911
4528785
1208615284
990496834804
9111013
72969410719
338267
51039502801
45571176473
215282630743
1037662786
1717988098
9600219
2884044
118552
8153529
527089
65076867741
651049
20391977247
301403
297990682
216469
2368781
26895029693
8360719216
5907294
798670346
71763608786
999050
509024
499755717456
78726991
433314732
2326936945
15443711450
21040812
7265400
719653471
6303401878
435686424
8420709
986275392
1153465
25935710
544552351
6240103
6538373537
273784
192157735266
372992
3293218
52847052264
385088
11745963
96356432
936243333
6652974602
9375294
408038
2688489
830650282677
9971874
2208732258
4889204
4930524160
224531665582
8731407434
268574
1778380933
822668311843
85436809114
798732
6384411950
71197181156
9524564
501729901029
65407405
5162308
940349878253
1646281
1560877
2593441
299197962
94595896370
7417052
11234841
1147217850
86969553
3449182
87711841
971457752736
898127392930
393705706
145383
530892416
53389015109
758609
202395380
111094525
6161187
2306754
7415741858
2721286311
867094151776
209227465
590872986
450416646
2157123130
87192751657
587437712
5776290
248790949860
6585474
9174726
1442858
509522865
9000332
55019393
3865953541
828950708
7442921049
519613
44459560
85783785
172316921
9101020
4014627
419309
5482661753
83848696093
53603885528
6456917
26455383528
8872034068
883700791871
212289372849
313440170699
846526525425
259004911
5392328783
248213212
659341
5586501815
366715
83685935384
7196623060
3710012
347103
6006787
9019208
531414
154582
450380
18266136361
7873439
5740607
386089
33644134
565935866523
9459576
408996276051
7441535591
251507330005
6202299
34204807395
38069124
889855
3434294
231980625971
94950957452
66924973224
409839295
8875595536
5991274861
842509
596014977
73952186530
949803127512
310869983
5851348
6697689
58846724979
23017195
196022661
102407
724655753122
99178589
9115572
848410
488427
963219
910933346605
890948708
8095124
139374
242380737395
74860888868
7706927
47600030
2948694
15040324
984356
843830796
346119090851
35711860019
192125840
2975660
599516706831
714615927112
931892125
88962575030
1980643
988573991
54394429
630975883
17174424
510585211
660035423
3155403
473217057941
62724942366
475901
55791889978
621458
37593623
682511
5550563392
3865604960
885007995164
970851300
446816058677
51290257
835797
268628136749
3076332
26518325
381545048183
567623192945
213231424
132429564
266743
318811494632
452164289120
95791597093
3754073953
133504366
39767212944
188861
978700512
675783538351
398528890
73840061
88328762909
790851451
125780
62423882
841558603
9726695488
29488057
36280420
57468222696
68412507
12561170361
859766485
951066746
321816745
45232965456
6324372944
519457462117
42703726
105946
8679930374
6091965815
2265212
59894736878
5492993
775179372767
64339525234
489685515
87020528887
7698316748
540003114006
767516
747250157
7114852585
734069192138
504535
84623371
14698110485
7197504
87316667223
2966678
354427
141461
37059308935
32946326
1353135
876451946464
1368806
6587765
973090
49459660
5267512
5323434724
15836305242
98265108
655084
333476
841314445418
502900
920936437690
265923996898
2778754903
8831793
150275811691
9345272663
167466354
930967
242059
428712537
65873178014
5277404211
400747656753
7818706491
32241461168
41736381
662905138
72911051
96133984
61316613655
356918184
98211671
48801819
25978430734
844004149
482860838829
17846665383
97978028366
172409
1878520
810677939248
898835180
731362627888
7381616
84401061
838807208
2401168
5751907
4293974883
8167142424
38482807
813006154
1004152
554462887
161876
40171542599
613706418735
558926927
2903826757
8016555595
813281773
201127
45324348
257973
1918139
62095261
954991127710
663455193
74367512636
54261095
790486
4962205
115650
584552591
443170042978
729214661515
153882847552
875231
70137809634
825250
578398763
967215022799
5933420
3396585
583385457
47879445
37520031264
5891238
616588450334
444298
5739088
53834970977
8097161001
82284334
77349263
186710
8632191260
23942237
64722548
726601390
127206747
445321772
5984053626
612870
79580287
892484788957
324378248711
429401
6989558249
9038797
87427614994
711053782
16109843512
5426594062
140528740
4087338
981763
539345184
434037
326387
52127154071
557960
8221677
328464702348
5718194
64391185033
58888588
9199868304
487579870778
184471412367
26052281
79062886
117852320802
12728109
798266195453
4829032
716958
974748
2942919
68983628504
68880702
11429914954
4374907
6678527907
702152106
410435
922254
88996146
66107703
505064254510
5890161
14365068
370165895720
81634164487
131823689
697997598
74784369
531420843302
672141
61650212
863716256
85960707892
3103559973
3059395
2594237469
19271772637
982649
530420
254291
786476370313
13957178233
19707388283
22391405
20811277394
95788372
49316172
1573116087
8903844933
111695038
483463968
469585764758
30139475056
716343255406
2277457
674738046822
299378702975
28401931
713646081903
10470321536
66191336660
946834325
226292773
123468
750887377
425095226726
2680866008
8286762
398359095281
6489677578
7364621803
4400675
98695278863
293856161
3148666
92314811112
9541582165
2209637602
61156645537
3113409754
239224894571
7940703592
30531399
6957896
6009033
585703296
660217238694
94444284
273038238
709643764434
3913920
206272
728072587
917471
8833894
850869
5274219
38640532
907874
6287881
471377506
2477395
51217907030
40709962702
862000
488134931884
115904826577
243492
58378877732
9182666
624899152
20920086
375906
625816
8178840
87951402681
7342689000
68710707379
543360
44820572
6245153
182309571429
6845864005
462524443591
75151888620
8851015
2905356
2968015796
3958870
17607309025
20347978958
2784449
2747974
615297451940
819330484
4280088
794393
4103364825
253566
8813492
4451609
26367490558
533691269
30268013
539700422659
1920215
70091947
25258175832
72518424
664793
8629830331
1451227421
9752853
6093763936
2047691139
506837032
552678642587
29613443
996761656950
389990
819693753775
2404007
78357519
748889204790
302906
7880684
5417293
4220832
796728693646
28085200
122777
400159
58091652
945875
58821356951
3742167656
1941061574
8484056949
80061015
12115295876
682959487
504735317
9655715151
473881759
23820242760
380200087001
88321689812
122371923
8902755026
33591925749
910667
79983962
84849493
74017783
70175717971
681745595
999103917
7275894767
609394942746
1539747773
312015798
6531207
9902172
609936778
11611180
748588589
539133025116
32187626
313921652287
7601576
347918550
247506
287562458
2418839
16890720992
115144
18402265
2148867
60048618
1349273038
644925199
873136
46289464
11836601186
5209524617
72378466155
703245
480646
88106009
5264885
5010369663
481036982
8852382113
71671793
8753137
854448336483
806274448
52524365154
13193481272
8564055339
322247
44472761
395488763
224438651
4149444596
7367106300
5208407
8690705156
8147141876
2315621
861705305875
25703305
3581821478
1498923186
964351154898
7312254100
179444
1706024
156930136421
454537475
222781930587
564136908547
389934835022
522178878
632639192
359548118
8976991
870588765
59953189
9499830372
451728926
663476168
80616387
674391741346
58080023890
16767092
99098102468
2225986856
145441714
5983559402
258945
25569095
809889878858
604375550146
503354
771862556
921328932009
30886390
77638842
122235643049
729039
9194280303
171283224
5174309
61576483
57568903439
36876247618
39855666
84653463630
67229971082
874664070835
517107
8944996
2874523430
5158692
364678689524
40656016
260433502
9511390431
39522224
1705985568
46105285
69709043564
225197114
95073301288
6277228
6700149
5791956219
466133
409282248972
4767223337
6891804
1031379405
3053346
4316861
520492388
706289887837
7549740102
936775499039
478877298
9648228
41331274
310248364
4796311
6068823
334605365
910096177016
73965464711
7526295350
6741005736
204740754
85445277378
710087
2868455
818141
8454780161
48437732311
512604
994773
297531225163
5584032305
489654350958
860622
737905
31169893
12142356458
799993
5834751612
464327800
171131233458
4001256186
986061
4318917141
666413
2961570672
877551603884
97444176574
16913222489
8392430
590350332618
5319331597
401806
986784714740
851786665766
956630696984
680343
47014341
201500702
82319279
362109
52083279854
9165900578
85028525
875040733
898624035201
9994946
619454
3145183303
91018974
942301
685091
1742750826
230238
5803518002
121591
4888248642
645241996
4619949975
222011796613
24787447
73396786605
346136996
6035291
1148904
2350474051
961381988
3168873
77870384084
2992370840
2686320103
4641695
600106409
686768749966
543188073
24520332
8290758983
694258031608
902158
330350844
40946631
191037464
973248742
362609
520628
93768814
539993890
3355802
48796511130
25532582213
998114
371067259640
93360182
8012522263
246545817
1050071148
175389
494667420
27953477
716725002
76690444
715511594970
880906965618
53863064008
25254675
186899722
320559
52979008
604829230128
6783506643
4733787
7624341
29828772403
257143505800
3501658613
19263719383
41442289011
3897810
374279889
168516
199340067
595754637048
4813111
596888716
1173308267
948625642535
85518019
7980323
466176
17819786791
911077581
142505
44262849
8745535
67408619883
58296456706
3900977620
315721087990
32989035
816243
31767196501
83796243438
3551075688
295947391638
1346565
3648883
53039759
955811
80551655
962388898
2242180
599616
446963
697918836465
8848232389
95250480508
8365090204
3542292
2941266096
982175
1639473066
3010665
20675800128
871481368095
639024
86178183467
46431653718
640534844
717335
656158
7198694592
43253166480
302679421
1097479
823710
721277124
1023470275
392138310564
625250218
4693790
1715430636
750449
39890599
560820
631808581
42206780973
42931114444
5495408
7601352
29670101327
96857997
3183174495
216416303
3291460
7893772
7479669610
708859987824
2257822
480834
397267153
785077352828
56099888992
8296663052
558859082
62727700409
1349507283
691921346333
8553519
84827119457
659789546943
10711940289
2903404
60923666505
4209371
8084052353
2646962357
486402536488
1823426557
3343600
39806873946
37857609593
7698475
915366
759613
2636373734
7965365
400347
983650
210808439
787372072
292833336950
26206953
743801
184816189
60318299238
7172467386
63965412784
906584789
16396030
510675
601138248
55914290730
955933907
293531683553
632813835404
24368207
627441823
541227
400543145
8007584
857654423526
252786
213803
70745810754
681307477811
2620494
41025882062
333215538322
876591
399129974
95006085
107498825
1751684
695147
2856495
9655811027
9931549979
8879394
6745149466
487647
530830459
53766680
60023017927
80783836
9917385
991823849
372577269105
44838329125
8178399665
152635
602589418
490917829
59036179227
76415512
79988201
34759697
403045467884
40941530750
4256243527
6335671761
38486755708
717424970676
491923733967
8766621
31481947
350900693022
435877866859
806255877
56258640129
42749631
316011687
121031
368247871
489054925
678965969
6734954
5577598
877777
852960651309
974496
9805558
319423025
8383907
1141450850
1519674
753712
876816050
422476115672
772315011
1307766
5930569403
506716
5706503
581838
74931712
26153793314
17548804367
6608324087
718993085
1962213
18983543424
1238691953
203895
25415991
25820104023
525198562190
865250
9943476
86302783630
9893751
642517601
17572931488
9202085264
402274438
34503019
364044690
93851788
4152218613
5896716405
9868021
731421
82969467
623460
682389424
6027399